Exp	Epoch	AverageEpRet	StdEpRet	MaxEpRet	MinEpRet	EpLen	AverageVVals	StdVVals	MaxVVals	MinVVals	TotalEnvInteracts	LossPi	LossV	DeltaLossPi	DeltaLossV	Entropy	KL	ClipFrac	StopIter	Time	obs_mean	obs_std
mp_ppo_SuperMarioBros-1-1-v0_0	0	51.480029296875	17.31594195252239	70.40013	17.700003	249.7	-0.01515410041809082	0.004078939581228694	0.005797101	-0.029791499	4000	-7.629394893626795e-09	11.237751007080078	-0.03076784685254097	-8.154520988464355	1.9455386400222778	0.010038589127361774	0.19949999451637268	79.0	1	0.546264478707456	0.05952561855940925
mp_ppo_SuperMarioBros-1-1-v0_0	1	65.35000174386161	39.78073798907402	169.09995	17.900005	197.07142857142858	2.649308837890625	2.774608203619702	11.675971	-1.5865172	8000	-3.5762786065873797e-09	5.186036586761475	-0.010908670723438263	-0.5821800231933594	1.9342875480651855	0.019571740180253983	0.2784999907016754	5.0	1	0.547910071960235	0.06182000260597677
mp_ppo_SuperMarioBros-1-1-v0_0	2	66.19090687144886	42.25665838133463	160.99991	17.300005	186.72727272727272	2.45801513671875	2.349637189413506	8.966611	-1.0300897	12000	5.841255035221593e-09	4.856024742126465	-0.032038021832704544	-1.8726091384887695	1.9093806743621826	0.015006975270807743	0.27149999141693115	65.0	2	0.5477275635137426	0.061975580809855185
mp_ppo_SuperMarioBros-1-1-v0_0	3	61.9888916015625	34.96491452007045	124.14991	18.300005	193.66666666666666	3.0900791015625	3.1047361753859217	9.977554	-2.155206	16000	6.794929507947245e-09	5.807558059692383	-0.040023818612098694	-2.8247807025909424	1.8698865175247192	0.01303409319370985	0.2524999976158142	79.0	4	0.5480325812269005	0.062427046719048584
mp_ppo_SuperMarioBros-1-1-v0_0	4	60.20166015625	35.99199129667599	163.04996	16.900002	126.7	4.365392578125	3.257272812012374	13.253091	-4.137213	20000	1.400709104260045e-09	7.168138027191162	-0.007969987578690052	-0.7603492736816406	1.807665228843689	0.017884016036987305	0.25099998712539673	5.0	4	0.5488359666418724	0.06281797112010291
mp_ppo_SuperMarioBros-1-1-v0_0	5	75.19316517223011	49.094533911049425	228.64986	14.300004	161.36363636363637	4.282861328125	3.0655103189558828	12.355156	-4.2377443	24000	9.298324776807476e-09	7.762645721435547	0.0025578257627785206	-0.8391084671020508	1.7404608726501465	0.01950106956064701	0.29649999737739563	4.0	5	0.5492472268837731	0.0632985398371786
mp_ppo_SuperMarioBros-1-1-v0_0	6	67.6942138671875	33.90912452366676	162.69992	18.400005	143.8846153846154	4.98996923828125	3.3411137388040233	12.750548	-1.1444602	28000	-1.19209286886246e-09	7.776190280914307	-0.007248872425407171	-1.558213233947754	1.6421352624893188	0.015103139914572239	0.22550000250339508	7.0	5	0.5495874208538898	0.06351487646205208
mp_ppo_SuperMarioBros-1-1-v0_0	7	78.0959716796875	42.95035833668911	188.69987	17.500002	152.0	4.66136328125	3.284525894488046	12.784868	-1.9534812	32000	-1.2516975234078132e-09	8.474245071411133	-0.011816500686109066	-2.2487592697143555	1.6043227910995483	0.015058282762765884	0.20200000703334808	29.0	6	0.5499121956801509	0.06377332229757844
mp_ppo_SuperMarioBros-1-1-v0_0	8	75.7728983561198	50.21132425393034	261.64984	18.9	136.16666666666666	4.842109375	3.325967610617247	12.252542	-0.9958684	36000	-4.768371808516747e-10	7.8656392097473145	-0.02841605246067047	-2.784836769104004	1.5553271770477295	0.014424826949834824	0.22550000250339508	79.0	7	0.5501194138351992	0.06424008325155255
mp_ppo_SuperMarioBros-1-1-v0_0	9	83.05551034432871	39.58774463723544	187.69984	19.200003	143.11111111111111	5.572431640625	3.173783908345841	12.2324295	-1.3792055	40000	4.76837147544984e-09	7.984510898590088	-0.009962093085050583	-1.6724109649658203	1.5011383295059204	0.015834996476769447	0.1979999989271164	17.0	8	0.550430648979281	0.06434925854612124
mp_ppo_SuperMarioBros-1-1-v0_0	10	70.87569056919642	39.942888916551844	153.59987	18.300005	110.0	6.2074345703125	2.8570613932303766	11.095089	-0.83567494	44000	8.344650304081824e-09	8.452485084533691	-0.02681097202003002	-2.827500343322754	1.4159393310546875	0.01506603229790926	0.18925000727176666	75.0	9	0.5507791474592645	0.06434834362134725
mp_ppo_SuperMarioBros-1-1-v0_0	11	77.92665201822916	55.89900211542242	310.8501	19.400003	125.66666666666667	5.90311572265625	3.1470006802112387	19.308645	-7.26152	48000	-4.708767153971394e-09	9.405165672302246	-0.0010504464153200388	-2.122941493988037	1.3858153820037842	0.015244496054947376	0.1577499955892563	12.0	10	0.5510144800387219	0.06507155784201918
mp_ppo_SuperMarioBros-1-1-v0_0	12	70.48968146829044	42.17924347310221	164.94984	17.700005	108.79411764705883	6.18742578125	2.7518360348138478	11.180297	-2.1642048	52000	8.344650304081824e-09	8.341578483581543	-0.02451458014547825	-2.4918389320373535	1.4078478813171387	0.015023140236735344	0.16075000166893005	53.0	10	0.5513018380003251	0.06506094023402935
mp_ppo_SuperMarioBros-1-1-v0_0	13	70.5396728515625	32.19751593165407	151.79988	18.300003	106.73529411764706	6.1353984375	2.9262133567761253	12.708599	-3.8379347	56000	-1.7285346487483366e-09	8.2384672164917	-0.0030880761332809925	-0.5801396369934082	1.367967963218689	0.019770601764321327	0.257999986410141	6.0	11	0.5515589786866465	0.06499873818615226
mp_ppo_SuperMarioBros-1-1-v0_0	14	72.26360529119319	42.12822997013602	165.1999	18.500004	111.72727272727273	5.94672021484375	2.9815929441114193	12.509323	-6.6165147	60000	-1.0132790162487026e-09	8.207453727722168	-0.0026283825282007456	-0.4326162338256836	1.293096661567688	0.015660639852285385	0.31325000524520874	5.0	12	0.551735657246848	0.06495073161531682
mp_ppo_SuperMarioBros-1-1-v0_0	15	77.46467141544117	61.78494635093758	232.19987	18.500002	113.6470588235294	6.2772001953125	2.5185730978509935	11.379418	-4.042651	64000	-1.3113021779531664e-09	10.913603782653809	-0.0063164448365569115	-2.9027538299560547	1.1905181407928467	0.015239492990076542	0.10750000178813934	24.0	12	0.551871383522404	0.06516692732209113
mp_ppo_SuperMarioBros-1-1-v0_0	16	74.25906279592803	45.84686353321602	233.39978	18.700006	115.15151515151516	6.282427734375	2.712244011538232	11.808902	-1.4128317	68000	-2.38418573772492e-09	8.576051712036133	-0.02179383486509323	-2.5695252418518066	1.1946953535079956	0.015250690281391144	0.1550000011920929	54.0	13	0.5520129458162956	0.065156239406072
mp_ppo_SuperMarioBros-1-1-v0_0	17	71.62644330193015	34.669374570191415	130.39989	19.200005	108.6470588235294	6.1988642578125	3.0075166250579564	11.718533	-5.072143	72000	4.768371808516747e-10	7.96702241897583	-0.013095295988023281	-2.399385929107666	1.1279957294464111	0.015421188436448574	0.13050000369548798	30.0	14	0.5521423511533602	0.06508650710349306
mp_ppo_SuperMarioBros-1-1-v0_0	18	72.89996337890625	40.61166982154815	138.69986	18.7	104.52777777777777	6.5924931640625	3.0033935884054554	12.079349	-7.583227	76000	4.410743770222325e-09	8.408631324768066	-0.001470871502533555	-0.940727710723877	1.0848143100738525	0.016995077952742577	0.16050000488758087	5.0	14	0.5522866283747504	0.06503220508276639
mp_ppo_SuperMarioBros-1-1-v0_0	19	72.527099609375	50.38639537896827	187.99982	18.400005	104.97142857142858	6.10691455078125	2.9929818625724245	11.63181	-8.079223	80000	5.9604645663569045e-09	9.94300651550293	-0.019352270290255547	-3.2914929389953613	1.1600761413574219	0.01517536025494337	0.1469999998807907	53.0	15	0.5524142889174626	0.06500501370613494
mp_ppo_SuperMarioBros-1-1-v0_0	20	78.19844193892045	47.836692978045185	154.39986	18.600008	112.36363636363636	6.4635244140625	2.8358205037850155	11.953532	-3.128519	84000	-6.377697037152075e-09	9.235112190246582	-0.011203894391655922	-1.7684502601623535	1.1435182094573975	0.015061470679938793	0.1315000057220459	25.0	16	0.5525187737021622	0.0650003604827956
mp_ppo_SuperMarioBros-1-1-v0_0	21	89.97686298076923	53.92108282552311	189.74982	19.800005	140.30769230769232	6.3457939453125	2.7864788453294866	12.356504	-2.596365	88000	-1.0251999249533128e-08	9.041023254394531	-0.011594228446483612	-2.6036343574523926	1.1085801124572754	0.015668367967009544	0.1445000022649765	25.0	17	0.5525694260108253	0.06500213325346164
mp_ppo_SuperMarioBros-1-1-v0_0	22	82.72830403645834	39.29194282334908	167.34984	19.800005	125.93333333333334	6.15762939453125	2.812538020576344	12.086788	-4.6521387	92000	1.4305114870438729e-09	8.243406295776367	-0.021327154710888863	-2.669978141784668	1.1113550662994385	0.015200662426650524	0.13375000655651093	48.0	18	0.552665179399864	0.06498387520231931
mp_ppo_SuperMarioBros-1-1-v0_0	23	70.74568917410714	38.12530298474454	165.54987	19.100006	104.45714285714286	6.49944921875	3.2982406827826405	11.972113	-7.8531594	96000	3.4570692974966732e-09	8.307307243347168	-0.021547667682170868	-2.2076964378356934	1.0846635103225708	0.01521230861544609	0.13224999606609344	50.0	18	0.5527512596682425	0.06495709540255848
mp_ppo_SuperMarioBros-1-1-v0_0	24	62.14100686097756	45.80857650145597	187.34984	18.400003	91.71794871794872	6.2864072265625	3.253627032588016	11.874691	-5.243641	100000	7.748603536583687e-09	9.780200004577637	-0.026017770171165466	-4.13507080078125	1.056355595588684	0.014429775066673756	0.14425000548362732	79.0	20	0.5528203418626405	0.06490047715836025
mp_ppo_SuperMarioBros-1-1-v0_0	25	84.47687237079327	43.82704754091754	166.04988	19.900005	116.88461538461539	4.9053955078125	4.372145273990218	12.826451	-10.59922	104000	1.907348723406699e-09	8.404047966003418	0.014022720977663994	3.2117996215820312	1.0603915452957153	0.07206857949495316	0.2304999977350235	1.0	20	0.5528393109548219	0.06502629999475726
mp_ppo_SuperMarioBros-1-1-v0_0	26	67.32429793074324	35.30394538810381	153.89987	19.500006	98.94594594594595	8.5170244140625	3.447336494491073	15.769577	-9.25001	108000	1.907348723406699e-09	13.726024627685547	0.02113240212202072	-1.1952476501464844	0.9587157368659973	0.027401911094784737	0.1850000023841858	1.0	21	0.5529162375070333	0.06497417574867524
mp_ppo_SuperMarioBros-1-1-v0_0	27	77.5393584280303	40.91853308015597	166.1499	18.000006	112.72727272727273	4.6748486328125	2.5444138798920863	13.898653	-8.890404	112000	-1.7166136956348055e-08	12.328125953674316	0.01370948925614357	0.11054801940917969	1.1195521354675293	0.034169770777225494	0.24424999952316284	3.0	21	0.5529879108247827	0.06495561322392619
mp_ppo_SuperMarioBros-1-1-v0_0	28	84.10462951660156	52.28674367804066	189.69981	19.5	117.65625	7.998572265625	3.3776828168046653	15.111368	-4.25086	116000	4.172325152040912e-09	11.101604461669922	0.016586488112807274	-1.2038803100585938	1.032442331314087	0.01669430173933506	0.14024999737739563	3.0	22	0.5530533307375263	0.06495662446141258
mp_ppo_SuperMarioBros-1-1-v0_0	29	77.84996122472427	46.32919739483947	187.29987	19.5	110.38235294117646	5.8741201171875	2.684007359865561	11.6051	-6.074848	120000	1.907348723406699e-09	10.20915412902832	-0.017101816833019257	-3.388883590698242	1.205303430557251	0.015054902993142605	0.1547500044107437	49.0	23	0.5531315293907249	0.06494089372090653
mp_ppo_SuperMarioBros-1-1-v0_0	30	72.94409897748162	42.98179815254907	167.29988	18.200005	108.58823529411765	6.6392373046875	2.6447508448339705	11.887644	-5.0142527	124000	-5.364418242947977e-09	8.789774894714355	-0.026305783540010452	-3.1797070503234863	1.1301188468933105	0.014576506800949574	0.15074999630451202	79.0	24	0.5531800877655128	0.06492299768226617
mp_ppo_SuperMarioBros-1-1-v0_0	31	82.99161783854167	38.33297440955154	138.24985	19.000004	121.96666666666667	6.4775673828125	3.22725998817108	13.475079	-6.4021573	128000	2.145767119543507e-09	8.65471363067627	-0.002164033940061927	-1.2560696601867676	1.1118452548980713	0.015044660307466984	0.14675000309944153	6.0	24	0.5532329725853379	0.06491000504312289
mp_ppo_SuperMarioBros-1-1-v0_0	32	95.32400173611111	44.83863493540331	230.69977	19.900005	135.11111111111111	6.42390625	2.8402919393578627	12.253746	-6.15527	132000	2.7418136649970393e-09	8.133615493774414	-0.009005080908536911	-2.043888568878174	1.100515365600586	0.015160425566136837	0.1042499989271164	21.0	25	0.5532777452118237	0.06494074145358276
mp_ppo_SuperMarioBros-1-1-v0_0	33	75.45139508928571	45.213454559614064	187.69986	18.700005	107.6	7.032306640625	2.7323803439034617	13.635761	-6.419852	136000	-2.3841859042583735e-10	9.185683250427246	-0.026665041223168373	-3.159270763397217	1.128055214881897	0.013801852241158485	0.14300000667572021	79.0	26	0.5533251046234384	0.06490993289577433
mp_ppo_SuperMarioBros-1-1-v0_0	34	70.47701119087837	37.54072394602816	154.49986	19.800003	97.37837837837837	6.8793359375	2.8810784927262914	12.608899	-8.421279	140000	-8.583068478174027e-09	8.257783889770508	-0.016129521653056145	-2.2603530883789062	1.1007598638534546	0.015001131221652031	0.16249999403953552	35.0	27	0.5533793114793131	0.06487758831016317
mp_ppo_SuperMarioBros-1-1-v0_0	35	74.0437240600586	36.548279486159636	154.19986	18.100002	109.65625	6.22673095703125	3.247476484229716	12.61816	-7.770939	144000	3.3378602104505717e-09	6.9662041664123535	-0.02069803886115551	-2.078024387359619	1.0669718980789185	0.01504446379840374	0.1459999978542328	54.0	28	0.5534025248153684	0.06484159973682838
mp_ppo_SuperMarioBros-1-1-v0_0	36	80.94995959051724	46.20536347897436	164.54988	19.200006	123.75862068965517	6.26359765625	3.206901127841331	15.1055155	-8.186837	148000	-4.291534239087014e-09	8.972100257873535	-0.0055426363833248615	-3.055698871612549	1.044039249420166	0.015142450109124184	0.1392499953508377	27.0	29	0.5534120952293876	0.06483897363610164
mp_ppo_SuperMarioBros-1-1-v0_0	37	74.19302707248264	46.00891321783325	189.84987	19.700005	105.41666666666667	6.42458544921875	3.1718007996247177	13.000053	-7.752649	152000	-5.7220459481754915e-09	9.417670249938965	-0.013997082598507404	-2.493910312652588	1.0372194051742554	0.015294498763978481	0.13774999976158142	29.0	30	0.5534520545376383	0.0648153143666075
mp_ppo_SuperMarioBros-1-1-v0_0	38	76.95691596137152	40.11366770572788	166.69984	19.700005	105.19444444444444	6.85102392578125	2.9530496022120927	13.495305	-6.707407	156000	-4.291534239087014e-09	8.86232852935791	-0.017795130610466003	-2.3965835571289062	1.027526617050171	0.015194600448012352	0.10199999809265137	42.0	30	0.553507680088793	0.06479090337801531
mp_ppo_SuperMarioBros-1-1-v0_0	39	84.66328125	43.90112440426023	167.44983	19.200005	124.76666666666667	6.422908203125	2.8912234177874425	13.1483965	-9.540691	160000	9.715557247602646e-09	9.486037254333496	-0.0007919796626083553	-1.0307693481445312	0.9781469106674194	0.015114106237888336	0.09700000286102295	5.0	31	0.5535248881165566	0.06478152063159212
mp_ppo_SuperMarioBros-1-1-v0_0	40	85.33995768229167	31.488607811000474	152.19987	19.800005	126.93333333333334	6.24001953125	3.630292607223624	13.541244	-8.048033	164000	5.9604645663569045e-09	7.561065673828125	-0.011597968637943268	-2.0356621742248535	1.0407788753509521	0.015202428214251995	0.12800000607967377	20.0	32	0.553552014586237	0.06477081532465598
mp_ppo_SuperMarioBros-1-1-v0_0	41	77.01209605823864	37.17611233841544	138.94984	19.700005	110.54545454545455	6.508333984375	3.542882389382972	12.352042	-6.9636536	168000	1.907348723406699e-09	7.352715969085693	-0.019578849896788597	-2.0886688232421875	1.0227731466293335	0.015037668868899345	0.1392499953508377	54.0	33	0.5535853325264681	0.06475914898954438
mp_ppo_SuperMarioBros-1-1-v0_0	42	83.82054946001838	44.09296506263449	187.69983	18.600004	112.29411764705883	6.84743359375	3.1563626217530834	12.794637	-8.580022	172000	-2.38418573772492e-09	9.293475151062012	0.00030987191712483764	-1.5770068168640137	1.02727210521698	0.01621648482978344	0.09475000202655792	11.0	33	0.5536273256111305	0.06474987879288861
mp_ppo_SuperMarioBros-1-1-v0_0	43	82.3848174124053	40.44448384729669	182.79985	19.500006	113.87878787878788	7.18940234375	2.682295378233678	12.337726	-6.4294853	176000	7.1525572131747595e-09	8.538771629333496	-0.029084892943501472	-3.206052780151367	1.0236819982528687	0.015021555125713348	0.19599999487400055	65.0	34	0.5536697888146405	0.06474180486986358
mp_ppo_SuperMarioBros-1-1-v0_0	44	96.0480205829327	57.69442984878976	257.59976	19.000004	138.19230769230768	6.2835703125	3.437995986945011	12.054047	-8.050863	180000	5.364417798858767e-10	8.74636173248291	6.587081588804722e-05	-1.2550430297851562	1.0436785221099854	0.015461916103959084	0.19224999845027924	6.0	35	0.5536765169398514	0.06481989878849385
mp_ppo_SuperMarioBros-1-1-v0_0	45	81.79672536542338	48.89816452538493	187.94981	19.800005	117.35483870967742	6.70034375	3.336309039614361	12.154596	-6.515629	184000	-2.38418573772492e-09	8.497711181640625	-0.004871367942541838	-0.6066803932189941	1.0700531005859375	0.018409356474876404	0.24500000476837158	4.0	35	0.5536950493430661	0.06480720457899439
mp_ppo_SuperMarioBros-1-1-v0_0	46	88.89440465856481	44.91359213091124	189.34982	19.300005	120.92592592592592	6.680740234375	2.7963395087931473	12.938687	-4.7657566	188000	9.298324776807476e-09	8.392293930053711	-0.0029501328244805336	-0.7173624038696289	1.0429524183273315	0.0161141324788332	0.13124999403953552	5.0	36	0.5537138915374866	0.06484814522440642
mp_ppo_SuperMarioBros-1-1-v0_0	47	82.21319939108456	35.32099552934237	164.99983	20.200005	113.11764705882354	6.7957802734375	3.4248300596525953	12.132323	-7.328387	192000	-4.768371808516747e-10	8.368454933166504	-0.009950265288352966	-2.195250988006592	0.9495846033096313	0.015013017691671848	0.15649999678134918	27.0	37	0.5537467913804494	0.06483347507897964
mp_ppo_SuperMarioBros-1-1-v0_0	48	79.62577179939517	45.85592246373417	231.19983	19.700005	116.96774193548387	6.40196240234375	3.6295039369209947	12.6077585	-7.003997	196000	2.2649764286342133e-09	7.953802108764648	-0.006338513921946287	-1.6853203773498535	0.9541468024253845	0.015164726413786411	0.1667499989271164	19.0	37	0.5537565298747156	0.06484586572092323
mp_ppo_SuperMarioBros-1-1-v0_0	49	82.89260684742646	39.420232539343075	166.99991	18.600006	108.5	6.86856884765625	3.220529392865791	12.224045	-7.479895	200000	-4.768371808516747e-10	8.543295860290527	-0.0028478989843279123	-0.5401678085327148	0.9169487953186035	0.015519511885941029	0.1940000057220459	7.0	38	0.5537968591465731	0.06482478181784085
mp_ppo_SuperMarioBros-1-1-v0_0	50	110.83688221807066	42.03530114224906	188.9498	20.200005	155.43478260869566	6.79544384765625	3.08548390653719	12.585897	-7.5876083	204000	4.768371808516747e-10	8.58930778503418	0.0013619780074805021	-1.0092263221740723	0.8596504926681519	0.017865849658846855	0.1679999977350235	5.0	38	0.5538111924164841	0.06483400113794387
mp_ppo_SuperMarioBros-1-1-v0_0	51	97.20528738839286	50.90641854089437	166.59984	19.700005	128.17857142857142	7.10177587890625	3.4680089298472114	12.395247	-5.0012536	208000	1.6689301052252858e-09	9.116767883300781	0.0003017175185959786	-0.8108730316162109	0.8694015145301819	0.01644946075975895	0.11599999666213989	6.0	39	0.5538375704503089	0.06484141605692166
mp_ppo_SuperMarioBros-1-1-v0_0	52	73.91022511017628	47.65583411966499	188.89989	20.000004	97.97435897435898	7.5139013671875	2.791993995113528	11.921137	-4.886164	212000	-2.38418573772492e-09	10.161935806274414	-0.0025817446876317263	-0.9568586349487305	0.8426995873451233	0.016874827444553375	0.1379999965429306	8.0	39	0.5538697121739606	0.06480590424047467
mp_ppo_SuperMarioBros-1-1-v0_0	53	87.02413841985887	45.30992345288669	168.04987	20.000004	107.45161290322581	6.4749853515625	3.087646599505439	11.214953	-8.291145	216000	-6.9141385949933465e-09	9.319901466369629	-0.008612332865595818	-2.0262527465820312	0.8879235982894897	0.016014909371733665	0.12274999916553497	23.0	40	0.5538956968434298	0.06482514059059652
mp_ppo_SuperMarioBros-1-1-v0_0	54	96.65509664601294	46.15707113235459	187.99985	18.000006	126.44827586206897	7.13756591796875	2.9452915284399266	12.814911	-8.79703	220000	2.145767119543507e-09	7.5676398277282715	-0.00893669854849577	-1.468505859375	0.9149308800697327	0.015361196361482143	0.12575000524520874	20.0	41	0.5539271716550873	0.06482060359431674
mp_ppo_SuperMarioBros-1-1-v0_0	55	90.30327962239583	44.3849475352662	188.19981	20.000004	118.56666666666666	7.2834072265625	3.0688531041742615	12.6038475	-7.699473	224000	-1.907348723406699e-09	7.980900764465332	-0.01608186401426792	-2.2537550926208496	0.9040902256965637	0.01514928974211216	0.1420000046491623	36.0	42	0.5539546993550748	0.06481160117762595
mp_ppo_SuperMarioBros-1-1-v0_0	56	90.76105866608796	43.39887037967096	153.94986	19.600002	119.85185185185185	6.629943359375	3.601345370352932	12.862418	-6.8947053	228000	-6.43730180271973e-09	8.775480270385742	-0.004697965923696756	-1.6835455894470215	0.8855175375938416	0.015463419258594513	0.15725000202655792	14.0	42	0.5539604535762657	0.06483838021077962
mp_ppo_SuperMarioBros-1-1-v0_0	57	78.63746473524306	45.11185461808607	182.89983	18.400003	99.86111111111111	7.418609375	3.272238070829734	13.082118	-5.2662544	232000	-7.3909758313561724e-09	9.206198692321777	0.0001592649205122143	-1.3963236808776855	0.8153715133666992	0.015019861049950123	0.10275000333786011	15.0	43	0.5539882579307563	0.06481501786290671
mp_ppo_SuperMarioBros-1-1-v0_0	58	98.4321997857863	46.78316272459708	164.84984	20.200005	122.6774193548387	7.30306591796875	3.2032019807822762	12.692104	-7.174507	236000	1.907348723406699e-09	8.44638729095459	-0.018293073400855064	-2.361145496368408	0.7615446448326111	0.01518733985722065	0.1277499943971634	59.0	44	0.5540152697128101	0.06480662662091428
mp_ppo_SuperMarioBros-1-1-v0_0	59	98.86958530970982	38.71020602145143	188.64984	56.200012	134.25	7.16067578125	3.2764429073310586	13.452259	-10.639927	240000	2.6226043559063328e-09	7.97694206237793	-0.0019722101278603077	-0.8372645378112793	0.754248857498169	0.01773201860487461	0.13650000095367432	5.0	44	0.5540293490533745	0.06480174625220964
mp_ppo_SuperMarioBros-1-1-v0_0	60	117.30641771399456	63.622674959653644	234.09972	20.100004	161.43478260869566	6.23561474609375	4.39088344435092	13.406864	-6.9330816	244000	1.0251999249533128e-08	10.197244644165039	0.004852881655097008	-1.232102394104004	0.8945550322532654	0.019567124545574188	0.1107499971985817	3.0	45	0.5540148771722879	0.06491870151840995
mp_ppo_SuperMarioBros-1-1-v0_0	61	96.12407394935344	42.68590962352719	182.04982	20.000004	126.3103448275862	7.66578076171875	3.184704809956882	13.39823	-3.5110455	248000	-2.6226043559063328e-09	8.513647079467773	-0.01095457375049591	-1.7627506256103516	0.7697491645812988	0.015630679205060005	0.15549999475479126	21.0	46	0.5540366829208355	0.06491362775219134
mp_ppo_SuperMarioBros-1-1-v0_0	62	104.7277199074074	46.574934643400596	184.79984	20.200005	135.07407407407408	6.8688681640625	3.3475298437336596	12.468061	-5.581098	252000	1.037120789249002e-08	7.905555725097656	-0.00467706099152565	-1.678330898284912	0.7592789530754089	0.015196403488516808	0.14949999749660492	20.0	46	0.5540530919800916	0.06490830753957548
mp_ppo_SuperMarioBros-1-1-v0_0	63	99.97030526620371	36.998537571198774	166.89983	20.200005	137.96296296296296	7.3374501953125	3.397671824665384	12.869667	-6.3845687	256000	3.0994415922691587e-09	7.460104942321777	-0.009576529264450073	-1.7696099281311035	0.7185114026069641	0.015007044188678265	0.12399999797344208	17.0	47	0.5540640406349431	0.06490097261430709
mp_ppo_SuperMarioBros-1-1-v0_0	64	115.57492065429688	51.137984165189444	188.14986	20.200005	148.66666666666666	7.030173828125	3.6228757245626024	13.40453	-8.827091	260000	4.887581006585151e-09	7.974562168121338	-0.026361411437392235	-3.003056049346924	0.700177788734436	0.014750373549759388	0.14274999499320984	79.0	48	0.5540746674708972	0.06489370514943897
mp_ppo_SuperMarioBros-1-1-v0_0	65	108.49221567007211	43.75201403331227	229.69954	20.200005	143.19230769230768	7.317669921875	3.796361462184877	13.9554615	-8.579866	264000	4.76837147544984e-09	8.060650825500488	-0.008536671288311481	-2.321681499481201	0.7145417332649231	0.015170147642493248	0.14474999904632568	25.0	49	0.5540748268462103	0.0649608732599626
mp_ppo_SuperMarioBros-1-1-v0_0	66	124.34080921519886	53.24471804789655	230.04971	20.200005	162.0	7.0829306640625	3.6466500573300147	13.167028	-6.4317584	268000	-5.9604643443123e-10	7.3223066329956055	0.0017403464298695326	-1.3032937049865723	0.7089741230010986	0.015177881345152855	0.08574999868869781	14.0	49	0.554075775155952	0.06498504474653644
mp_ppo_SuperMarioBros-1-1-v0_0	67	116.46101888020833	51.55623278410563	189.34981	18.900002	140.74074074074073	8.011041015625	3.2244433870437237	12.932437	-4.357283	272000	-3.3974647539736225e-09	7.913421154022217	-0.0018327211728319526	-1.2488741874694824	0.6809493899345398	0.015677358955144882	0.11524999886751175	16.0	50	0.5540959073795227	0.06498447626485428
mp_ppo_SuperMarioBros-1-1-v0_0	68	121.33400656960227	56.82811816525817	232.54979	20.200005	156.4090909090909	7.312310546875	3.3534893208418004	13.046814	-5.3656073	276000	7.152557435219364e-10	8.640514373779297	-0.0027024701703339815	-1.6059060096740723	0.661709189414978	0.016047386452555656	0.1277499943971634	6.0	51	0.5540934291809498	0.0650428298854789
mp_ppo_SuperMarioBros-1-1-v0_0	69	125.65199788411458	51.065588569383	259.99985	55.600014	150.16666666666666	7.9164638671875	3.5026995727402888	13.143051	-4.8452063	280000	-4.410743770222325e-09	6.775996208190918	-0.00369070703163743	-0.944976806640625	0.6382546424865723	0.015174049884080887	0.09350000321865082	10.0	51	0.5541140297281301	0.06505271463569454
mp_ppo_SuperMarioBros-1-1-v0_0	70	119.437900390625	48.567432181967376	189.44981	20.200005	148.04	7.98544921875	3.2383275969240666	12.715572	-5.9859	284000	-5.7220459481754915e-09	7.4075846672058105	-0.016408037394285202	-2.500485897064209	0.6310933828353882	0.015131019987165928	0.1367499977350235	48.0	52	0.5541289802056073	0.06504594941571498
mp_ppo_SuperMarioBros-1-1-v0_0	71	134.44080699573863	41.37723576079661	182.64984	60.450012	163.77272727272728	7.744005859375	3.285456529825802	13.61913	-8.324586	288000	1.204013866384912e-08	5.643880844116211	-0.008060574531555176	-1.6272773742675781	0.593914806842804	0.015745414420962334	0.1342500001192093	17.0	53	0.5541404705922421	0.06504086982441064
mp_ppo_SuperMarioBros-1-1-v0_0	72	139.84486083984376	31.682929280805144	229.04958	70.15002	182.85	7.69759130859375	3.914453136694192	14.246036	-9.257779	292000	-5.60283641704018e-09	7.5869903564453125	0.007829457521438599	-1.143519401550293	0.5992214679718018	0.01531181950122118	0.08375000208616257	4.0	53	0.5541289697724773	0.06509882064266581
mp_ppo_SuperMarioBros-1-1-v0_0	73	137.0223876953125	51.37677536470151	233.39978	55.350018	183.4	7.33520947265625	4.24991773817447	14.908019	-9.718217	296000	-8.106232129989621e-09	6.259834289550781	0.007661240175366402	-0.8227496147155762	0.5757909417152405	0.01625075563788414	0.10275000333786011	7.0	54	0.5541081021485094	0.06518047991515258
mp_ppo_SuperMarioBros-1-1-v0_0	74	144.44460577713815	52.602695610836484	254.7997	55.950012	196.1578947368421	7.33149560546875	3.6665575859721606	14.0989065	-6.138296	300000	-1.0490417423625331e-08	6.64963960647583	-0.006797461304813623	-1.8144235610961914	0.6351708769798279	0.015593205578625202	0.10525000095367432	17.0	54	0.5540935874705619	0.06527219762189841
mp_ppo_SuperMarioBros-1-1-v0_0	75	150.14987664473685	64.1212711801876	309.55002	20.200005	200.89473684210526	7.2112744140625	3.9101594187050095	12.922902	-4.3449035	304000	4.0531160649948106e-09	5.701653957366943	-0.003156291088089347	-1.1074886322021484	0.6983613967895508	0.015011713840067387	0.12524999678134918	17.0	55	0.5540753077538053	0.06548073425463823
mp_ppo_SuperMarioBros-1-1-v0_0	76	149.023681640625	48.95664764068599	232.14972	56.750015	175.66666666666666	7.912904296875	3.5470605678328924	13.76775	-5.1517854	308000	-4.76837147544984e-09	6.290159225463867	-0.009438763372600079	-1.4870476722717285	0.6073005199432373	0.015121418051421642	0.14100000262260437	22.0	56	0.5540847806494414	0.06550631687205184
mp_ppo_SuperMarioBros-1-1-v0_0	77	124.04989510995371	36.650627805243914	188.09982	56.300014	145.1851851851852	8.641380859375	3.4585511665833426	13.895898	-6.4360003	312000	7.867813067718998e-09	6.579108715057373	0.0036109776701778173	-1.3324432373046875	0.5409188866615295	0.016383113339543343	0.10400000214576721	8.0	56	0.5541040620389414	0.06549027321263917
mp_ppo_SuperMarioBros-1-1-v0_0	78	135.8213123139881	39.591351005046064	189.79979	70.04998	165.95238095238096	7.129626953125	3.6124028155180175	12.432218	-8.223026	316000	-1.1444091896350983e-08	5.857662200927734	-0.01645691692829132	-2.5097806453704834	0.5742430090904236	0.015060081146657467	0.12274999916553497	41.0	57	0.5541043866170537	0.06547977427360853
mp_ppo_SuperMarioBros-1-1-v0_0	79	152.71654110863096	47.4114227370618	189.7498	20.100004	171.52380952380952	8.12080810546875	3.690932724258192	13.292057	-8.940428	320000	8.583068478174027e-09	5.227382183074951	-0.009641588665544987	-1.6153857707977295	0.54035484790802	0.015005897730588913	0.09950000047683716	22.0	58	0.5541218632330637	0.06547003181565746
mp_ppo_SuperMarioBros-1-1-v0_0	80	132.4453457919034	61.60522283145834	230.94981	18.599998	164.45454545454547	8.09095361328125	4.063322272552966	13.652178	-7.3308053	324000	-2.9802322831784522e-09	6.100851058959961	-0.010278742760419846	-1.9792280197143555	0.6300473809242249	0.015005018562078476	0.1352500021457672	34.0	58	0.5541162769530152	0.06553685908628035
mp_ppo_SuperMarioBros-1-1-v0_0	81	154.53873697916666	66.1747804114226	231.74974	56.000015	204.77777777777777	6.95216015625	4.147119199667403	13.643423	-8.2196865	328000	-1.4305114870438729e-09	5.342471122741699	-0.005381918977946043	-2.164344310760498	0.6344471573829651	0.015200350433588028	0.17399999499320984	23.0	59	0.5540907361788396	0.06566227313218016
mp_ppo_SuperMarioBros-1-1-v0_0	82	138.95206351902175	56.903122526456045	231.94972	20.200005	164.08695652173913	8.464490234375	3.718106036680503	14.178912	-6.3154025	332000	9.536743617033494e-10	6.6429595947265625	-0.00767595274373889	-1.6277751922607422	0.5586484670639038	0.01585804857313633	0.15025000274181366	16.0	60	0.5541027034213136	0.06569304659950459
mp_ppo_SuperMarioBros-1-1-v0_0	83	147.68736572265624	57.617959846518346	232.39981	20.100004	174.35	8.0733701171875	3.543823715062235	13.182865	-7.536271	336000	4.887581006585151e-09	6.169471740722656	-0.0020240379963070154	-1.1458148956298828	0.5109562873840332	0.01619676500558853	0.08124999701976776	6.0	60	0.5541063899730174	0.06571767671579673
mp_ppo_SuperMarioBros-1-1-v0_0	84	149.22987060546876	54.03019265882734	231.29973	20.200005	178.3	8.0148447265625	4.04633611276918	13.697844	-6.8179836	340000	-2.38418573772492e-09	5.6186017990112305	0.0005754022859036922	-0.873389720916748	0.5498459935188293	0.015139421448111534	0.14499999582767487	11.0	61	0.5541089733495127	0.06575518016255286
mp_ppo_SuperMarioBros-1-1-v0_0	85	151.17258522727272	39.14820824516517	232.09976	58.100018	162.22727272727272	9.060404296875	3.304174679477464	13.460716	-5.749343	344000	2.3841859042583735e-10	4.943864345550537	-0.01774902269244194	-1.7964246273040771	0.46618297696113586	0.015024112537503242	0.11625000089406967	49.0	62	0.5541364410751983	0.06574963623472059
mp_ppo_SuperMarioBros-1-1-v0_0	86	181.38806870404412	44.29776055370666	308.90002	128.94989	205.41176470588235	8.401982421875	3.6919759646343175	13.551298	-9.422831	348000	-1.6689301052252858e-09	5.663639068603516	-0.0026435230392962694	-1.6555976867675781	0.5154246091842651	0.015031273476779461	0.11874999850988388	13.0	62	0.5541367165293718	0.06597737148165728
mp_ppo_SuperMarioBros-1-1-v0_0	87	162.67615388569078	34.260426584760104	231.99979	100.249916	174.1578947368421	8.82923828125	3.4436135975708715	13.732052	-9.359176	352000	1.9550324026340604e-08	4.625752925872803	0.002914436161518097	-0.8385295867919922	0.5209314227104187	0.015573794953525066	0.15000000596046448	15.0	63	0.5541452055644042	0.06602732181918887
mp_ppo_SuperMarioBros-1-1-v0_0	88	142.52260520241478	62.23180525444584	231.49976	20.100004	170.04545454545453	8.6368203125	3.635549036510854	13.466386	-3.351293	356000	2.5033950468156263e-09	6.237532615661621	-0.005846783518791199	-1.205244541168213	0.46409401297569275	0.01508018933236599	0.10999999940395355	16.0	64	0.5541465046031036	0.0660781549280998
mp_ppo_SuperMarioBros-1-1-v0_0	89	159.8723388671875	49.94411720863629	232.74977	20.300005	174.1	8.747296875	3.3490970681476226	13.195369	-9.509284	360000	0.0	4.606281280517578	-0.020882129669189453	-1.6424188613891602	0.39914628863334656	0.015045400708913803	0.11174999922513962	44.0	65	0.5541624233031023	0.06609086572854729
mp_ppo_SuperMarioBros-1-1-v0_0	90	156.324853515625	70.78672026323157	233.0997	20.200005	179.1	8.473857421875	3.7000163639840835	13.56788	-6.3554983	364000	1.4305114870438729e-09	5.0483293533325195	-0.0022151304874569178	-1.3774864673614502	0.45818203687667847	0.015026217326521873	0.1277499943971634	20.0	65	0.55416706451527	0.06614566896475227
mp_ppo_SuperMarioBros-1-1-v0_0	91	168.60865693933823	39.55465840881748	232.34978	99.79993	177.41176470588235	8.9028388671875	3.4424257322235725	13.466056	-8.117643	368000	-7.98702259885431e-09	5.019352436065674	0.019586782902479172	-1.2528536319732666	0.42725270986557007	0.017535418272018433	0.12950000166893005	4.0	66	0.5541764282981376	0.06620737214864364
mp_ppo_SuperMarioBros-1-1-v0_0	92	163.58877224392361	76.95580385213177	311.6502	18.900002	202.83333333333334	8.1481650390625	4.030677527181379	14.131382	-9.093929	372000	1.0728835597717534e-09	5.563847064971924	-0.0021996006835252047	-1.0450339317321777	0.44896751642227173	0.015429230406880379	0.12675000727176666	12.0	66	0.5541650993537053	0.06631522493782817
mp_ppo_SuperMarioBros-1-1-v0_0	93	181.99982367621527	36.97802668430642	231.94977	70.450005	195.44444444444446	9.1065654296875	3.2290242576125068	13.291624	-6.587072	376000	-3.814697446813398e-09	3.713108777999878	-0.01629583165049553	-1.2932605743408203	0.3986474275588989	0.015021291561424732	0.09475000202655792	45.0	67	0.5541824644460349	0.06633914800365362
mp_ppo_SuperMarioBros-1-1-v0_0	94	165.365478515625	66.19957544473	232.4998	20.300005	198.3125	7.97142578125	4.113728444945048	13.194718	-7.8561206	380000	3.814697446813398e-09	3.9883368015289307	-0.008503393270075321	-0.9889318943023682	0.4410903751850128	0.015297619625926018	0.11500000208616257	17.0	68	0.5541713436263971	0.06643664027705332
mp_ppo_SuperMarioBros-1-1-v0_0	95	187.1469008501838	51.705623556369	309.30005	55.600014	207.2941176470588	8.9543828125	3.2573303749965246	13.699842	-7.0133443	384000	5.543232095561734e-09	5.2992939949035645	0.0021618830505758524	-1.2945990562438965	0.3987495005130768	0.016564058139920235	0.10374999791383743	9.0	69	0.5541817076121517	0.06663329770320843
mp_ppo_SuperMarioBros-1-1-v0_0	96	166.394873046875	65.01183185582452	312.4001	20.100004	174.5	9.1649140625	3.144927711808333	14.0637455	-7.060333	388000	8.82148754044465e-09	4.561445713043213	-0.014673514291644096	-1.451850414276123	0.38150158524513245	0.015345458872616291	0.11599999666213989	40.0	69	0.5541988933550378	0.0666812559419956
mp_ppo_SuperMarioBros-1-1-v0_0	97	207.1498084435096	41.969429264507056	308.54993	130.54988	246.3846153846154	8.227279296875	3.6949171960867404	13.1389265	-7.2886086	392000	2.145767119543507e-09	5.6318840980529785	-0.012201445177197456	-1.6665475368499756	0.4399535059928894	0.015871897339820862	0.0767500028014183	5.0	70	0.5541974404820279	0.06682214199803344
mp_ppo_SuperMarioBros-1-1-v0_0	98	197.623193359375	58.56654646283434	311.75018	71.25001	233.6	8.5298203125	3.59062771975528	14.045955	-5.8564963	396000	4.76837147544984e-09	4.891144752502441	-0.0008690619724802673	-1.54378080368042	0.39691054821014404	0.015089808963239193	0.08524999767541885	17.0	71	0.5541885832823078	0.06702345871507905
mp_ppo_SuperMarioBros-1-1-v0_0	99	193.5060577392578	35.57623615704116	232.2497	100.44991	217.625	8.8675166015625	3.323217919991104	13.367229	-4.501378	400000	7.867813067718998e-09	4.025312423706055	-6.911730451975018e-05	-0.8399772644042969	0.4295389950275421	0.015168813057243824	0.11625000089406967	10.0	71	0.5541935148556234	0.06707196163189567
mp_ppo_SuperMarioBros-1-1-v0_0	100	182.14271763392858	50.93845584116329	308.0001	73.450005	209.28571428571428	8.18769873046875	3.9162172836169344	13.186407	-5.6100445	404000	-7.1525572131747595e-09	4.0812225341796875	-0.00015896331751719117	-0.8117954730987549	0.35424289107322693	0.01520839985460043	0.09974999725818634	7.0	72	0.5541716487308531	0.06729260393822713
mp_ppo_SuperMarioBros-1-1-v0_0	101	162.80986328125	62.47373197992897	260.29974	20.200005	174.55	9.20351171875	3.49358536061093	14.17745	-6.080072	408000	4.0531160649948106e-09	4.341639041900635	-0.015236983075737953	-1.5137429237365723	0.3660990297794342	0.015003346838057041	0.09674999862909317	55.0	73	0.5541897433992853	0.06730543545486317
mp_ppo_SuperMarioBros-1-1-v0_0	102	205.61049107142858	32.373191181199054	232.84976	130.64987	242.35714285714286	8.4461884765625	3.8425951008888513	13.435473	-6.494997	412000	-4.0531160649948106e-09	3.704193115234375	-0.0009240014478564262	-1.0313239097595215	0.41353294253349304	0.016566814854741096	0.09700000286102295	10.0	73	0.5541856182425146	0.06737980539840566
mp_ppo_SuperMarioBros-1-1-v0_0	103	208.2748565673828	52.32936369465522	311.3501	130.49988	234.875	8.810759765625	3.2131595869564276	13.471823	-4.8226113	416000	1.5795230678961047e-09	4.671503067016602	-0.001966196345165372	-0.9461491107940674	0.4193345308303833	0.017730342224240303	0.11474999785423279	7.0	74	0.5541877264165956	0.06748447337665299
mp_ppo_SuperMarioBros-1-1-v0_0	104	234.6180752840909	72.61448640845458	311.55017	68.49999	299.45454545454544	7.42071240234375	4.119732906239189	13.697079	-5.180781	420000	1.4305114870438729e-09	5.087743759155273	0.009274426847696304	-1.3311352729797363	0.5273758769035339	0.01978105492889881	0.12675000727176666	8.0	74	0.5541635387055118	0.06784314252927012
mp_ppo_SuperMarioBros-1-1-v0_0	105	194.00368088942307	55.07146526158254	310.45004	99.199936	242.15384615384616	8.4398828125	3.820761796176909	13.88063	-6.3975477	424000	1.525878978725359e-08	4.48505973815918	-0.0036726000253111124	-0.946441650390625	0.5004225373268127	0.016187433153390884	0.10499999672174454	7.0	75	0.554157392312597	0.06797805237941425
mp_ppo_SuperMarioBros-1-1-v0_0	106	198.23550851004464	32.13609474375292	232.99976	130.14986	226.5	8.83110546875	3.476981926946486	13.777714	-4.7730613	428000	4.76837147544984e-09	3.7099878787994385	-0.004644358996301889	-0.5405116081237793	0.515529215335846	0.017343968152999878	0.1277499943971634	10.0	75	0.5541583836144974	0.06803294137737262
mp_ppo_SuperMarioBros-1-1-v0_0	107	186.506103515625	69.87672599612478	307.65005	56.000015	232.375	8.01066064453125	4.288445367714855	13.626482	-5.1482677	432000	-4.768371808516747e-10	3.6390862464904785	-0.021666869521141052	-1.7847756147384644	0.5387043356895447	0.013017958961427212	0.1720000058412552	79.0	77	0.5541446853840586	0.06818829828135649
mp_ppo_SuperMarioBros-1-1-v0_0	108	159.71888950892858	63.952953667036326	233.1998	19.700005	167.1904761904762	9.4537939453125	3.094995172401324	12.901509	-5.980847	436000	4.768371808516747e-10	5.005749225616455	-0.008511546067893505	-1.185854196548462	0.3910349905490875	0.015439478680491447	0.11150000244379044	16.0	77	0.5541634813592552	0.06818856279295171
mp_ppo_SuperMarioBros-1-1-v0_0	109	182.1292221966912	38.28214659814369	231.6998	99.49993	204.8235294117647	8.87540234375	3.5735440107650835	13.34788	-10.434861	440000	-1.1086464191123468e-08	3.442828893661499	-0.021920619532465935	-1.5703885555267334	0.45981597900390625	0.01519736833870411	0.11550000309944153	70.0	78	0.5541676937484061	0.06822581957267987
mp_ppo_SuperMarioBros-1-1-v0_0	110	224.01412527901786	52.91493658120415	311.20013	100.34993	255.42857142857142	8.23663671875	4.026301832365838	12.932845	-6.4799275	444000	4.768371808516747e-10	3.9688210487365723	-0.0038348708767443895	-1.640324354171753	0.49939069151878357	0.015330812893807888	0.12449999898672104	26.0	79	0.5541684269861358	0.06833681923703555
mp_ppo_SuperMarioBros-1-1-v0_0	111	188.34983915441177	65.0028668768223	310.8502	20.100004	207.2941176470588	9.0778818359375	3.3954752175689635	12.99272	-6.3146944	448000	-1.907348723406699e-09	3.9348244667053223	-0.008334961719810963	-0.9109032154083252	0.49166664481163025	0.015808597207069397	0.12025000154972076	20.0	80	0.5541745068734626	0.06838167661720314
mp_ppo_SuperMarioBros-1-1-v0_0	112	199.20696149553572	50.66439439463379	269.74997	76.75	226.0	8.563396484375	3.7468134899037877	12.951421	-6.8115263	452000	1.5497207961345794e-09	3.9906017780303955	-0.0006359770777635276	-1.0535459518432617	0.47169655561447144	0.017075370997190475	0.12549999356269836	9.0	80	0.5541715301684181	0.06848319384548912
mp_ppo_SuperMarioBros-1-1-v0_0	113	181.78043619791666	63.31757616482874	311.50034	72.450005	204.0	8.7446318359375	3.875238021923621	14.162361	-7.92119	456000	1.7881393032936899e-09	4.447065830230713	-0.007199433166533709	-1.2866990566253662	0.4320070743560791	0.01528119295835495	0.1197500005364418	23.0	81	0.5541800933090915	0.06857137902759504
mp_ppo_SuperMarioBros-1-1-v0_0	114	194.6527602251838	60.09626927590725	310.55005	20.200005	216.94117647058823	8.842474609375	3.328832671241527	13.287767	-5.65382	460000	2.9802322831784522e-09	3.9557323455810547	-0.011236767284572124	-1.3018512725830078	0.44304966926574707	0.015199256129562855	0.09324999898672104	27.0	82	0.554183049948346	0.06864250075277707
mp_ppo_SuperMarioBros-1-1-v0_0	115	221.44989013671875	74.57359253197475	309.2	71.75	304.8333333333333	7.37914453125	4.383198122518534	13.16272	-6.437213	464000	-5.9604645663569045e-09	4.948728561401367	0.0028437073342502117	-1.390474796295166	0.4956842064857483	0.01546110212802887	0.11599999666213989	5.0	82	0.5541546833508254	0.06893145013192836
mp_ppo_SuperMarioBros-1-1-v0_0	116	228.27293043870193	55.489823326340314	310.75003	128.59988	257.15384615384613	8.45537890625	3.7470391957350806	13.115439	-6.7332315	468000	-4.529952857268427e-09	2.968351125717163	-0.022659070789813995	-1.1479542255401611	0.5210991501808167	0.015027694404125214	0.12800000607967377	52.0	83	0.5541519292122327	0.06905861946463308
mp_ppo_SuperMarioBros-1-1-v0_0	117	222.48650716145832	53.444655953612425	310.05008	129.04987	247.73333333333332	8.869484375	3.539194740906821	12.8511915	-6.064333	472000	8.344650526126429e-10	2.9794411659240723	-0.009447344578802586	-0.6170451641082764	0.5023326277732849	0.015220995992422104	0.12999999523162842	19.0	84	0.5541523772636912	0.06920533095529023
mp_ppo_SuperMarioBros-1-1-v0_0	118	193.02628102022058	39.02738274417456	233.1998	100.04993	210.35294117647058	9.2531796875	3.3163736195391196	13.061523	-8.83903	476000	9.536743617033494e-10	2.921649932861328	-0.01655985414981842	-0.9998055696487427	0.4358808696269989	0.015053825452923775	0.10925000160932541	57.0	85	0.5541628846919481	0.06922095562775939
mp_ppo_SuperMarioBros-1-1-v0_0	119	200.119873046875	58.29869209510622	311.20016	71.80001	223.33333333333334	8.3351640625	3.9292054252020856	13.719663	-6.7292314	480000	-4.76837147544984e-09	3.2481913566589355	-0.007560571655631065	-0.8210723400115967	0.4820798337459564	0.015380744822323322	0.12349999696016312	18.0	86	0.5541614775969375	0.06929737634005174
mp_ppo_SuperMarioBros-1-1-v0_0	120	231.78063025841345	52.25134280111116	312.4002	128.69987	270.7692307692308	8.6256640625	3.7117807594536076	13.111859	-6.411905	484000	-4.0531160649948106e-09	3.2292943000793457	-0.004456698894500732	-1.008000135421753	0.4339594542980194	0.018231429159641266	0.1237500011920929	6.0	86	0.5541552381053464	0.06942186815833873
mp_ppo_SuperMarioBros-1-1-v0_0	121	202.4880801930147	46.35558298122689	311.85016	139.14989	215.2941176470588	9.49812890625	3.3799711652801125	13.524537	-6.289627	488000	1.907348723406699e-09	4.369413375854492	-0.006122915539890528	-1.21995210647583	0.3585522770881653	0.015275836922228336	0.10275000333786011	17.0	87	0.5541676974701326	0.06945835769743477
mp_ppo_SuperMarioBros-1-1-v0_0	122	227.86767578125	41.16355254391577	311.15018	166.54987	260.2142857142857	8.351365234375	3.5695924465371394	12.999266	-7.7486424	492000	3.3378602104505717e-09	3.303945541381836	-0.002622307511046529	-1.2713520526885986	0.4034822881221771	0.015152307227253914	0.11375000327825546	22.0	88	0.554164530977105	0.06956566712273483
mp_ppo_SuperMarioBros-1-1-v0_0	123	186.65573299632354	67.86849646559146	311.60028	20.200005	208.47058823529412	8.9946796875	3.577516869719135	12.959772	-7.4641395	496000	7.3909758313561724e-09	3.858764886856079	-0.0019604733679443598	-0.8432981967926025	0.42396149039268494	0.01619783416390419	0.09925000369548798	13.0	88	0.554169323348044	0.06960685149661905
mp_ppo_SuperMarioBros-1-1-v0_0	124	216.35657552083333	62.510182503866254	311.95032	103.09992	234.13333333333333	8.9766494140625	3.138724238245533	12.829852	-5.608165	500000	0.0	3.939530372619629	0.0014196386327967048	-0.8966073989868164	0.40806350111961365	0.016240475699305534	0.11599999666213989	14.0	89	0.5541734842336193	0.06969253382488882
mp_ppo_SuperMarioBros-1-1-v0_0	125	217.99628557477678	51.12816528797298	311.25024	139.64987	235.85714285714286	8.9246708984375	3.2114340400746206	12.952972	-3.109532	504000	-7.1525572131747595e-09	4.397890090942383	-0.007511192467063665	-0.9670975208282471	0.41980165243148804	0.015361973084509373	0.12099999934434891	17.0	89	0.5541772720708342	0.06974921795374545
mp_ppo_SuperMarioBros-1-1-v0_0	126	191.3623046875	33.73610463375069	260.0998	138.24986	202.5625	9.6126708984375	2.9051595736615745	13.113034	-5.0958867	508000	-3.576278717609682e-10	3.5330889225006104	-0.016496827825903893	-1.2297258377075195	0.3689182698726654	0.015103095211088657	0.10275000333786011	34.0	90	0.554188947950833	0.06975179357114424
mp_ppo_SuperMarioBros-1-1-v0_0	127	243.92683293269232	50.20238337843135	311.70016	165.34984	262.3076923076923	8.236103515625	3.7046025533280895	13.123959	-8.459533	512000	4.0531160649948106e-09	3.653841972351074	-0.013638594187796116	-1.9383431673049927	0.3907887637615204	0.015146451070904732	0.1197500005364418	47.0	91	0.5541870835319344	0.06985453830412429
mp_ppo_SuperMarioBros-1-1-v0_0	128	194.42649739583334	57.63269561773652	310.7501	99.84994	226.13333333333333	8.823603515625	3.7302076642929682	12.961731	-7.7077026	516000	-2.8610229740877458e-09	3.489687204360962	-0.010380398482084274	-1.0909297466278076	0.4234699308872223	0.01524940226227045	0.0925000011920929	21.0	92	0.5541856662841791	0.069897137643228
mp_ppo_SuperMarioBros-1-1-v0_0	129	183.16373697916666	58.957654221648305	310.90002	71.25001	199.72222222222223	9.19416796875	3.392054278245338	13.005194	-5.4438148	520000	1.4305114870438729e-09	3.3960494995117188	-0.009403062984347343	-0.8383715152740479	0.36000514030456543	0.015165046788752079	0.09449999779462814	13.0	92	0.554190663512779	0.06992949828907552
mp_ppo_SuperMarioBros-1-1-v0_0	130	236.52678034855768	41.686532323562986	311.1502	166.44984	261.46153846153845	8.408150390625	3.655042268479942	13.14913	-6.6230073	524000	-2.6226043559063328e-09	4.021415710449219	-0.0036145802587270737	-1.399064540863037	0.41209909319877625	0.016149764880537987	0.10824999958276749	14.0	93	0.5541906904837824	0.07003569375854717
mp_ppo_SuperMarioBros-1-1-v0_0	131	247.06809303977272	52.62360314492486	311.40018	165.29984	276.6363636363636	8.773935546875	3.562292208852328	14.33377	-4.5657234	528000	-7.688998771016031e-09	3.360997200012207	-0.011232931166887283	-1.0998330116271973	0.41401636600494385	0.017408253625035286	0.09075000137090683	7.0	93	0.5541806393071615	0.07016093478900333
mp_ppo_SuperMarioBros-1-1-v0_0	132	228.71062360491072	65.96908096113772	311.6501	99.84993	252.0	8.84021484375	3.7096343106497707	13.804209	-8.000375	532000	2.2649764286342133e-09	3.2937817573547363	0.0021835430525243282	-0.8613080978393555	0.4092334508895874	0.015190724283456802	0.10525000095367432	14.0	94	0.5541813172076563	0.07025422205564937
mp_ppo_SuperMarioBros-1-1-v0_0	133	197.52130998883928	71.23305719607997	311.5503	67.40004	234.78571428571428	8.701849609375	3.571803094201863	13.142251	-6.875279	536000	-9.775162013170302e-09	3.3852429389953613	-0.004211909603327513	-0.7509138584136963	0.4471634328365326	0.015419401228427887	0.1002499982714653	12.0	95	0.5541778377847826	0.07031721589420768
mp_ppo_SuperMarioBros-1-1-v0_0	134	242.55765474759616	66.72401404652427	311.55014	100.34993	266.3076923076923	8.7252861328125	3.2653207095073373	12.799661	-4.0331435	540000	4.76837147544984e-09	3.4343292713165283	-0.017608245834708214	-1.4957600831985474	0.41335329413414	0.015118173323571682	0.12449999898672104	41.0	95	0.5541772996536302	0.0704081013192502
mp_ppo_SuperMarioBros-1-1-v0_0	135	214.49274553571428	82.2345906646693	312.15018	20.200005	236.85714285714286	9.164294921875	3.1767096774807735	13.134024	-8.381247	544000	-7.629394893626795e-09	3.378509998321533	-0.00899902917444706	-0.8600101470947266	0.3865848779678345	0.0152243347838521	0.09925000369548798	17.0	96	0.5541815608446248	0.07049102038071711
mp_ppo_SuperMarioBros-1-1-v0_0	136	190.17799377441406	80.87397965932863	310.50018	20.200005	219.5	8.851482421875	3.736125635685315	12.937353	-6.742484	548000	-1.0967254659988157e-08	3.433443546295166	-0.0026254579424858093	-0.8983476161956787	0.34965255856513977	0.015205731615424156	0.1172500029206276	17.0	97	0.5541828040123264	0.07054229613708954
mp_ppo_SuperMarioBros-1-1-v0_0	137	202.28911481584822	68.42491730382811	311.2001	58.700012	235.42857142857142	8.457646484375	3.94297102548478	13.080626	-6.427479	552000	3.3378602104505717e-09	3.5610873699188232	0.002809541765600443	-0.6790339946746826	0.3285192847251892	0.01546323113143444	0.09549999982118607	10.0	97	0.554181386197607	0.07058660778111941
mp_ppo_SuperMarioBros-1-1-v0_0	138	218.66053989955358	77.51711000643664	311.05005	20.100004	251.92857142857142	8.635466796875	3.5978511924654413	13.627546	-8.795328	556000	1.907348723406699e-09	4.200414180755615	0.0018103525508195162	-1.3774547576904297	0.32355254888534546	0.015196086838841438	0.12575000524520874	6.0	98	0.5541739889144118	0.07069484965412734
mp_ppo_SuperMarioBros-1-1-v0_0	139	190.6717529296875	76.41089581990255	312.20016	20.200005	212.9375	9.053130859375	3.492021178925251	13.893714	-5.480106	560000	-1.4305114870438729e-09	4.504016876220703	-0.004730232525616884	-1.158991813659668	0.3197474479675293	0.015534782782196999	0.11874999850988388	21.0	98	0.5541772686100201	0.07073615584985372
mp_ppo_SuperMarioBros-1-1-v0_0	140	217.8267540564904	47.6913403282786	311.35007	166.34985	254.15384615384616	8.527205078125	3.5223444119293617	13.587091	-5.307034	564000	1.0728836485895954e-08	4.190047264099121	0.00880859512835741	-0.9432632923126221	0.33821097016334534	0.01661490648984909	0.11800000071525574	4.0	99	0.5541693781937864	0.07079840662804253
mp_ppo_SuperMarioBros-1-1-v0_0	141	236.3623250325521	39.01569278962206	310.90018	165.99983	267.0	8.3430146484375	4.1625863354409836	13.640835	-8.309327	568000	-9.536743617033494e-10	2.7624781131744385	0.010865695774555206	-0.34737062454223633	0.3815761208534241	0.020526183769106865	0.13449999690055847	5.0	99	0.5541689251270205	0.0708486064064973
mp_ppo_SuperMarioBros-1-1-v0_0	142	185.47926240808823	65.3769893410068	311.75006	18.599998	201.41176470588235	9.11289453125	3.2269289289508687	13.134827	-6.4500275	572000	8.940697071579962e-09	3.4801039695739746	-0.00015867507318034768	-0.8106966018676758	0.27955472469329834	0.017680497840046883	0.10849999636411667	11.0	100	0.5541777038554973	0.07085551427725517
mp_ppo_SuperMarioBros-1-1-v0_0	143	236.38206263950892	66.48391152054329	311.35016	72.65001	258.35714285714283	8.627740234375	3.686651915186732	13.344031	-7.8932137	576000	1.2099742541238356e-08	2.9206442832946777	-0.008716871030628681	-1.090306282043457	0.3179432451725006	0.015380104072391987	0.10199999809265137	28.0	100	0.554180028331341	0.07094016759986384
mp_ppo_SuperMarioBros-1-1-v0_0	144	220.85344587053572	72.46119266175712	311.2001	18.900002	242.71428571428572	8.982103515625	3.4555116186861534	13.46688	-5.981772	580000	2.3841859042583735e-10	2.459709882736206	-0.003963340073823929	-0.5581148862838745	0.3436465859413147	0.01571926288306713	0.11299999803304672	14.0	101	0.5541798161353736	0.07100242709300507
mp_ppo_SuperMarioBros-1-1-v0_0	145	231.29987444196428	55.30803805651322	311.20016	166.24983	254.85714285714286	9.1136083984375	3.3971547147944263	13.409464	-5.8848124	584000	-1.287460360543946e-08	3.2968008518218994	-0.01458149217069149	-1.6315529346466064	0.31829166412353516	0.01544933207333088	0.11500000208616257	42.0	102	0.5541797298342691	0.07108171112798736
mp_ppo_SuperMarioBros-1-1-v0_0	146	241.53076171875	84.91796451349612	311.90005	18.599998	271.38461538461536	8.6038828125	3.6157509971564	13.264728	-6.5961747	588000	3.814697446813398e-09	3.4282522201538086	0.0006249532452784479	-0.7817251682281494	0.3702890872955322	0.015222668647766113	0.10774999856948853	14.0	103	0.5541754139701939	0.07120138205529708
mp_ppo_SuperMarioBros-1-1-v0_0	147	209.64275251116072	70.52885760073167	312.30023	100.24993	227.64285714285714	9.2995595703125	3.2634016055432866	13.839274	-7.9619975	592000	5.4836273299940785e-09	3.049588441848755	-7.659411494387314e-05	-0.4193706512451172	0.3429192900657654	0.016202760860323906	0.10525000095367432	4.0	103	0.554177562441157	0.07125991356856896
mp_ppo_SuperMarioBros-1-1-v0_0	148	229.75333658854166	94.77750810011132	312.05005	20.100004	244.86666666666667	9.27028125	3.1897767604097313	13.750739	-8.12603	596000	4.76837147544984e-09	3.3993146419525146	-0.019494054839015007	-1.579016923904419	0.355865478515625	0.011731988750398159	0.1287499964237213	79.0	104	0.5541827321135158	0.0713675171320312
mp_ppo_SuperMarioBros-1-1-v0_0	149	222.8690467247596	49.826714444721006	311.3501	138.49986	255.30769230769232	8.892771484375	3.553863434700326	13.445056	-6.8495283	600000	-1.1086464191123468e-08	3.979309320449829	0.007748205680400133	-1.363297462463379	0.4012364447116852	0.01549453940242529	0.13050000369548798	8.0	105	0.554179237321343	0.07143819120919301
mp_ppo_SuperMarioBros-1-1-v0_0	150	233.47133091517858	65.56397885775935	311.60013	100.34993	249.0	9.0252978515625	3.2214566896242762	13.713321	-6.1613607	604000	-9.536743617033494e-10	3.4782018661499023	0.005376119632273912	-0.8754541873931885	0.3184487223625183	0.016188737004995346	0.1067499965429306	7.0	105	0.5541869051615692	0.07149470375284597
mp_ppo_SuperMarioBros-1-1-v0_0	151	199.91236877441406	65.58042757156093	310.90012	20.100004	214.125	9.6314541015625	3.005788036231098	13.260748	-5.695019	608000	-6.1988831845383174e-09	3.701622247695923	0.003793301060795784	-0.7394106388092041	0.2606779932975769	0.016090640798211098	0.10849999636411667	7.0	106	0.5541917796164145	0.07151969565543922
mp_ppo_SuperMarioBros-1-1-v0_0	152	200.01316731770834	81.18706536963467	311.15015	20.100004	216.26666666666668	8.7781123046875	3.485816125744443	12.991604	-8.066364	612000	-5.7220459481754915e-09	2.7878799438476562	-0.0018876929534599185	-0.583946943283081	0.30774930119514465	0.015197178348898888	0.13375000655651093	11.0	107	0.554195848117958	0.07155431299985003
mp_ppo_SuperMarioBros-1-1-v0_0	153	210.29659830729167	86.73026312462488	311.15012	20.200005	242.0	8.40132421875	3.5896405852466624	13.227773	-6.9355454	616000	-5.2452087118126656e-09	3.576375961303711	-0.003383220173418522	-0.8925423622131348	0.3124096393585205	0.01755085028707981	0.09300000220537186	7.0	107	0.5541916938949337	0.0716296044956831
mp_ppo_SuperMarioBros-1-1-v0_0	154	261.5833333333333	54.034238157201465	311.65018	181.24982	286.3333333333333	8.8891259765625	3.307078405197706	13.12908	-4.9418535	620000	4.291534239087014e-09	3.156069040298462	-0.0023355609737336636	-0.9332315921783447	0.31169018149375916	0.015326171182096004	0.11050000041723251	14.0	108	0.5541894473486482	0.07173473106809963
mp_ppo_SuperMarioBros-1-1-v0_0	155	239.71065848214286	67.52181980333151	312.3502	100.24992	257.57142857142856	9.344759765625	3.132399676665639	13.225661	-4.332868	624000	4.0531160649948106e-09	3.1386823654174805	-0.0006891820812597871	-0.7360572814941406	0.297262042760849	0.016037581488490105	0.1054999977350235	11.0	108	0.5541936959064854	0.07179163605123441
mp_ppo_SuperMarioBros-1-1-v0_0	156	267.33638139204544	53.539033326056945	311.85022	166.44984	295.09090909090907	9.1184326171875	3.271482187499269	13.317661	-6.8060255	628000	-1.4305114870438729e-09	2.4699840545654297	-0.01781945675611496	-0.7465767860412598	0.30437225103378296	0.015005173161625862	0.12099999934434891	33.0	109	0.5541925015822529	0.07189298799386708
mp_ppo_SuperMarioBros-1-1-v0_0	157	249.98331705729166	71.42484941939558	313.25015	100.09993	265.0	9.303701171875	3.041168694967446	13.989635	-7.128955	632000	1.907348723406699e-09	3.1441540718078613	-0.008109193295240402	-1.0102229118347168	0.2934168875217438	0.015137386508286	0.10774999856948853	20.0	110	0.5541956233516134	0.07197534373122617
mp_ppo_SuperMarioBros-1-1-v0_0	158	245.56146709735577	57.57113075278135	312.25024	155.14984	258.53846153846155	9.340587890625	2.930385500183807	13.544395	-6.814054	636000	7.3909758313561724e-09	3.3787128925323486	-0.0001070125144906342	-0.9353327751159668	0.3374064564704895	0.015156080015003681	0.10199999809265137	16.0	110	0.5542015284707048	0.07202529793970697
mp_ppo_SuperMarioBros-1-1-v0_0	159	242.6678466796875	73.14657419841537	312.05014	100.09993	261.7857142857143	9.1620087890625	3.0893075743704284	13.791756	-4.836436	640000	-9.179115245672165e-09	2.604884147644043	-0.009351618587970734	-0.6211926937103271	0.3317509591579437	0.015388235449790955	0.10199999809265137	17.0	111	0.5542011589542545	0.0721095261743617
mp_ppo_SuperMarioBros-1-1-v0_0	160	242.63840895432693	65.71135344180522	312.2001	100.149925	265.0769230769231	9.0371943359375	3.3705436435573715	13.468524	-7.2896147	644000	-9.536743617033494e-10	2.7226314544677734	-0.005518859717994928	-0.7690787315368652	0.32132458686828613	0.01642993465065956	0.10899999737739563	15.0	112	0.5542020699618257	0.0721834445386215
mp_ppo_SuperMarioBros-1-1-v0_0	161	233.91532076322116	76.46532097951332	312.10025	54.100025	270.0769230769231	8.879912109375	3.406036260495842	13.501947	-5.4586024	648000	-6.9141385949933465e-09	3.692105531692505	-0.004448006860911846	-0.4709434509277344	0.30016830563545227	0.02329731360077858	0.09025000035762787	3.0	112	0.5541967640150075	0.0722680114163459
mp_ppo_SuperMarioBros-1-1-v0_0	162	238.99992487980768	62.29644496508979	311.80008	154.89984	265.2307692307692	8.8158603515625	3.431542138064532	13.200562	-6.4788084	652000	4.947185328063597e-09	2.7750625610351562	-0.0035005274694412947	-0.46136975288391113	0.34122028946876526	0.01568196713924408	0.09749999642372131	12.0	113	0.5541975494016911	0.0723419376128743
mp_ppo_SuperMarioBros-1-1-v0_0	163	236.1832071940104	51.39194329792852	312.4502	154.94983	256.0	9.11097265625	3.334406337715906	13.043482	-6.6534195	656000	-7.152557435219364e-10	2.643177032470703	-0.006308501120656729	-0.41231298446655273	0.29498663544654846	0.015542450360953808	0.08900000154972076	12.0	113	0.5542004603618064	0.07239849446094558
mp_ppo_SuperMarioBros-1-1-v0_0	164	194.47051642922793	80.82532397908176	311.95023	55.600014	209.58823529411765	9.52231640625	2.891051826595729	13.414761	-4.273059	660000	3.814697446813398e-09	3.909202814102173	-0.004439828917384148	-0.7701804637908936	0.2536340653896332	0.017570186406373978	0.09300000220537186	8.0	114	0.5542061646017656	0.07243876671483045
mp_ppo_SuperMarioBros-1-1-v0_0	165	270.8500162760417	58.98439776489627	312.05017	166.49983	290.25	8.4716123046875	3.1824098450506026	12.617586	-9.6374035	664000	2.3841858265427618e-08	3.180168628692627	0.003226715140044689	-0.9256689548492432	0.3352716863155365	0.016228096559643745	0.1352500021457672	7.0	114	0.5542082283267858	0.07253065898618347
mp_ppo_SuperMarioBros-1-1-v0_0	166	260.56663004557294	63.79970998987117	312.80023	140.09987	310.0833333333333	8.9558974609375	2.9795658240757157	13.410302	-4.13457	668000	8.106232129989621e-09	5.298295974731445	-0.005318754352629185	-2.607339382171631	0.26064082980155945	0.03575510159134865	0.18674999475479126	2.0	115	0.5541966583141463	0.07262800881996793
mp_ppo_SuperMarioBros-1-1-v0_0	167	251.04993614783655	51.352626491701024	312.70023	181.24983	278.38461538461536	8.7315712890625	3.3754571449657007	12.916183	-7.7006736	672000	1.4305114870438729e-09	3.1238186359405518	-0.0004414949507918209	-0.4280581474304199	0.30499133467674255	0.01582426391541958	0.11574999988079071	7.0	115	0.5541964707288726	0.0726814782460796
mp_ppo_SuperMarioBros-1-1-v0_0	168	237.7498982747396	63.90446717154573	311.8503	100.34993	268.9166666666667	8.54987890625	3.4056685283509314	12.617921	-6.5367603	676000	9.298324776807476e-09	2.7496631145477295	-0.003629290731623769	-0.47194981575012207	0.3480325937271118	0.015260174870491028	0.09875000268220901	16.0	116	0.5541965553476796	0.07273012355216563
mp_ppo_SuperMarioBros-1-1-v0_0	169	247.0457763671875	58.026467784465964	312.30023	166.24985	271.4166666666667	9.131318359375	3.1395808276643398	13.258435	-5.2458067	680000	6.1988831845383174e-09	2.82135009765625	-0.004363075364381075	-0.8489599227905273	0.29712045192718506	0.01516939327120781	0.09925000369548798	17.0	116	0.5541963720132312	0.07279352766882882
mp_ppo_SuperMarioBros-1-1-v0_0	170	225.6374308268229	89.0533218955082	312.3502	19.2	245.0	8.963947265625	3.249072584023016	13.796279	-5.8420377	684000	-1.6689301052252858e-09	4.060081958770752	-0.008363498374819756	-1.1338093280792236	0.3032331168651581	0.015187215991318226	0.10000000149011612	29.0	117	0.5541941083826715	0.0728693885644382
mp_ppo_SuperMarioBros-1-1-v0_0	171	292.71828391335225	41.55189970769305	312.35022	181.64984	319.90909090909093	8.8572880859375	2.9495853455930887	12.53278	-4.416387	688000	1.5735626135437997e-08	2.7818145751953125	-0.0004407992528285831	-0.7565915584564209	0.3184201717376709	0.016293657943606377	0.10899999737739563	6.0	118	0.5541894442087781	0.07300089314842893
mp_ppo_SuperMarioBros-1-1-v0_0	172	270.60005326704544	57.60148837545938	312.15024	165.49983	290.27272727272725	9.243400390625	2.9730319448859777	13.475595	-6.320584	692000	-1.4305114870438729e-09	2.342751979827881	-0.014841612428426743	-0.8153612613677979	0.29116174578666687	0.01517913956195116	0.10474999994039536	40.0	118	0.5541904311362988	0.07308602857036255
mp_ppo_SuperMarioBros-1-1-v0_0	173	290.8444552951389	41.517501225219604	312.1001	182.59982	346.0	8.70853515625	3.2222249143158055	12.748139	1.0665342	696000	-1.680851013929896e-08	3.4062693119049072	-0.0031511334236711264	-1.0865347385406494	0.3005668818950653	0.015040760859847069	0.0872500017285347	6.0	119	0.5541737120277501	0.07323006645608895
mp_ppo_SuperMarioBros-1-1-v0_0	174	291.4550537109375	41.41606487448439	312.40005	189.09981	324.5	9.0447392578125	3.5502680631626253	12.980422	-6.574667	700000	-4.649162388403738e-09	2.315251588821411	-0.0027591087855398655	-0.45057404041290283	0.3037661910057068	0.016838891431689262	0.08299999684095383	6.0	119	0.5541712016456277	0.07331977629589052
mp_ppo_SuperMarioBros-1-1-v0_0	175	292.2091619318182	41.99507673728498	312.60016	182.49982	330.54545454545456	9.00251953125	3.372625756319177	13.81868	-5.959573	704000	4.410743770222325e-09	3.4397451877593994	-0.004176764283329248	-1.4631171226501465	0.30041807889938354	0.01591273583471775	0.09724999964237213	4.0	120	0.5541643440671852	0.0734136147486986
mp_ppo_SuperMarioBros-1-1-v0_0	176	311.85014204545456	0.39198337535868716	312.35025	311.30017	324.1818181818182	9.196439453125	3.244850487695851	13.600592	-0.464238	708000	1.0967254659988157e-08	1.8131424188613892	0.0065022544004023075	-0.5541799068450928	0.3237963318824768	0.015041160397231579	0.09925000369548798	6.0	120	0.5541666936645232	0.0735113640200405
mp_ppo_SuperMarioBros-1-1-v0_0	177	241.436279296875	59.20873251203591	311.6002	153.79988	295.90909090909093	9.12169921875	3.1877833820109234	13.503812	-5.117433	712000	5.7220459481754915e-09	4.046276569366455	0.00038207852048799396	-1.496758222579956	0.2930450737476349	0.01902305893599987	0.12174999713897705	5.0	121	0.5541584302375591	0.07356635011489825
mp_ppo_SuperMarioBros-1-1-v0_0	178	242.23564801897322	81.39622144836595	312.40018	58.000015	276.57142857142856	8.541892578125	3.715349285397	13.380132	-5.978751	716000	2.3841859042583735e-10	2.691066026687622	0.00405280152335763	-0.24702239036560059	0.3713850975036621	0.015414074063301086	0.11124999821186066	8.0	121	0.5541527649217685	0.07363551893995586
mp_ppo_SuperMarioBros-1-1-v0_0	179	248.29536576704547	54.16263224340275	311.45007	166.09985	286.90909090909093	8.927177734375	3.59304218573029	13.970888	-4.9621434	720000	1.1444091896350983e-08	3.158128499984741	-0.003552844049409032	-0.42815470695495605	0.3196355104446411	0.01745259016752243	0.11800000071525574	9.0	122	0.5541465693132139	0.07370654016099241
mp_ppo_SuperMarioBros-1-1-v0_0	180	274.9292399088542	63.059232447556795	312.30023	164.39984	300.6666666666667	8.695318359375	3.284536746730808	13.259688	-5.636657	724000	-1.19209286886246e-09	2.794769287109375	0.0032705471385270357	-0.6467881202697754	0.3090655505657196	0.01784459874033928	0.10199999809265137	8.0	123	0.5541453420022677	0.07377836210094683
mp_ppo_SuperMarioBros-1-1-v0_0	181	238.3653846153846	93.9053616526521	312.10022	20.200005	257.6923076923077	9.248611328125	3.167301197391874	13.083722	-5.2986655	728000	1.4066696252257316e-08	2.599027633666992	-0.014348071999847889	-0.7452514171600342	0.28227436542510986	0.01533317007124424	0.09324999898672104	36.0	123	0.5541439338995753	0.07384497232308206
mp_ppo_SuperMarioBros-1-1-v0_0	182	290.98337809244794	50.3722342086061	313.00018	140.09987	307.0833333333333	9.051611328125	3.0933244656841286	13.334773	-9.211314	732000	4.529952857268427e-09	2.365809679031372	-0.0019793712999671698	-0.6292593479156494	0.31923162937164307	0.016191672533750534	0.10000000149011612	13.0	124	0.5541436250242612	0.07392508873805365
mp_ppo_SuperMarioBros-1-1-v0_0	183	282.92087809244794	51.78556704746105	312.3002	166.89987	302.0	9.2668984375	2.8537649029122476	13.110246	-6.290354	736000	-3.933906533859499e-09	2.2099356651306152	-0.01838696375489235	-0.7809398174285889	0.2915841042995453	0.015466856770217419	0.10875000059604645	35.0	125	0.5541443304318306	0.07399192929359379
mp_ppo_SuperMarioBros-1-1-v0_0	184	275.6864124644886	62.35982576401398	312.35016	139.79988	292.54545454545456	9.388333984375	2.912363194211876	13.307192	-2.0220897	740000	6.765127125163417e-09	1.972968339920044	-0.01995374634861946	-0.7420181035995483	0.28133782744407654	0.015058496966958046	0.08399999886751175	40.0	126	0.554144968192357	0.07406613911883468
mp_ppo_SuperMarioBros-1-1-v0_0	185	274.2042236328125	81.74017206469942	312.40018	20.700005	294.5	9.1340791015625	3.110285670661941	13.114023	-7.3078847	744000	1.4483928723052486e-08	2.2565674781799316	-0.018850062042474747	-0.989862322807312	0.30440187454223633	0.013727321289479733	0.11500000208616257	79.0	127	0.5541437649532085	0.07413529760115997
mp_ppo_SuperMarioBros-1-1-v0_0	186	282.4500732421875	65.15089456408101	312.7002	100.149925	313.5	8.978638671875	3.1751516326980354	13.260546	-6.6109204	748000	9.536743617033494e-10	2.115126609802246	-0.01554479543119669	-0.8046351671218872	0.31546181440353394	0.015079976990818977	0.08950000256299973	29.0	128	0.5541404143935805	0.07421207620610812
mp_ppo_SuperMarioBros-1-1-v0_0	187	247.78076171875	74.10788328770843	312.20016	100.24993	265.46153846153845	9.494869140625	2.9909405854910425	13.392797	-6.780819	752000	-8.225440772946513e-09	2.547427177429199	-0.009533827193081379	-0.5290608406066895	0.27243125438690186	0.015464727766811848	0.08150000125169754	8.0	128	0.5541422378411821	0.07426111707374954
mp_ppo_SuperMarioBros-1-1-v0_0	188	262.70843505859375	89.55212998234603	312.70016	56.75002	275.0833333333333	9.0967568359375	2.9358765460676306	13.163469	-11.738351	756000	-3.6954879156780862e-09	2.4066991806030273	-0.006948910187929869	-0.5078191757202148	0.28113672137260437	0.01510169543325901	0.09475000202655792	9.0	129	0.5541444564928041	0.07432364776616944
mp_ppo_SuperMarioBros-1-1-v0_0	189	287.104248046875	45.892920546092945	312.25015	189.14981	296.5833333333333	9.422919921875	2.9159209054023565	13.408784	-0.8816455	760000	-6.1988831845383174e-09	1.9319959878921509	-0.007369254715740681	-0.4941922426223755	0.32786989212036133	0.015154590830206871	0.11100000143051147	18.0	129	0.5541472476850835	0.0743961231290367
mp_ppo_SuperMarioBros-1-1-v0_0	190	255.0636541193182	90.65587248440715	311.85013	18.7	298.6363636363636	8.95984375	3.206855601919503	12.911122	-3.6734183	764000	2.0265580324974053e-09	3.4373245239257812	-0.006405472289770842	-0.6671340465545654	0.3527832329273224	0.018098367378115654	0.11675000190734863	7.0	130	0.554139972428487	0.07447721314036206
mp_ppo_SuperMarioBros-1-1-v0_0	191	279.1137029474432	70.3168811766356	312.25012	99.94993	297.27272727272725	9.087037109375	3.2463585368840575	13.524456	-6.9237394	768000	-3.0994415922691587e-09	1.6482475996017456	0.0026333220303058624	-0.25061941146850586	0.3121279776096344	0.0164840966463089	0.08824999630451202	7.0	130	0.554139993351016	0.07455250853566192
mp_ppo_SuperMarioBros-1-1-v0_0	192	275.45009358723956	75.05888747204868	312.20016	58.50001	287.75	9.248890625	2.8435949476960496	12.994999	-0.1634597	772000	2.6226043559063328e-09	2.0306904315948486	-0.012781670317053795	-0.7392523288726807	0.27766019105911255	0.015069459564983845	0.10899999737739563	41.0	131	0.5541431070030286	0.07460990658599964
mp_ppo_SuperMarioBros-1-1-v0_0	193	240.03074293870193	87.1563099022052	312.45013	56.100018	262.6923076923077	9.155259765625	3.2632539239040224	14.459132	-1.4752053	776000	3.3974647539736225e-09	3.2772023677825928	-0.012890690006315708	-0.8594009876251221	0.3099152743816376	0.015263372100889683	0.10350000113248825	26.0	132	0.5541407303330963	0.07467072130852849
mp_ppo_SuperMarioBros-1-1-v0_0	194	221.54638671875	91.11256773903368	312.3501	19.0	228.5	9.400736328125	2.796127256889205	13.27269	-3.6662178	780000	1.7881393032936899e-09	3.2897045612335205	-0.004355127923190594	-0.6972098350524902	0.2684687077999115	0.015878522768616676	0.10000000149011612	13.0	133	0.5541466456385574	0.07470760349794377
mp_ppo_SuperMarioBros-1-1-v0_0	195	252.24288504464286	69.09888747295429	312.3001	166.14983	257.57142857142856	9.684193359375	2.731344838885462	13.110308	-5.791453	784000	-8.225440772946513e-09	2.169600486755371	-0.013619857840240002	-0.7929664850234985	0.24558821320533752	0.015248676761984825	0.09149999916553497	31.0	133	0.5541524449595993	0.07474881603623547
mp_ppo_SuperMarioBros-1-1-v0_0	196	285.06827059659093	62.5370628743831	312.50012	100.54993	306.6363636363636	9.21761328125	2.9380524746420034	13.344549	-8.313166	788000	1.0132789718397817e-08	2.5865981578826904	-0.011679151095449924	-0.8106497526168823	0.2997428774833679	0.017318150028586388	0.09350000321865082	7.0	134	0.554150701148625	0.0748244721511853
mp_ppo_SuperMarioBros-1-1-v0_0	197	238.71925706129807	98.85733273549779	312.6501	20.300005	248.07692307692307	9.3733232421875	2.9970085997332405	13.725655	-4.1316442	792000	3.3378602104505717e-09	2.7584645748138428	-0.004837194923311472	-0.9416029453277588	0.27930375933647156	0.015424385666847229	0.09600000083446503	31.0	135	0.5541523857177425	0.0748836465238853
mp_ppo_SuperMarioBros-1-1-v0_0	198	293.4727894176136	39.83785718455271	312.45023	189.69981	308.45454545454544	9.183283203125	3.091835266067712	12.646884	-3.920572	796000	4.768371808516747e-10	2.209200620651245	0.00016560041694901884	-0.7112858295440674	0.3120710551738739	0.015611338429152966	0.10849999636411667	17.0	135	0.5541528891216306	0.07492850903702804
mp_ppo_SuperMarioBros-1-1-v0_0	199	277.27315579927887	79.433295522092	312.40015	20.200005	295.9230769230769	9.3315390625	3.2075661285077195	13.135605	-5.750685	800000	-4.768371808516747e-10	2.6790616512298584	-0.008824118413031101	-0.8370766639709473	0.29888904094696045	0.016008224338293076	0.12099999934434891	10.0	136	0.5541506895391765	0.07499126968357855
mp_ppo_SuperMarioBros-1-1-v0_0	200	258.5950439453125	93.52237783680438	312.3002	20.200005	289.9	9.01092578125	3.150370451927043	13.606516	-5.9363775	804000	-8.106232129989621e-09	3.753946304321289	0.00904504582285881	-0.7541725635528564	0.31010305881500244	0.017614681273698807	0.12524999678134918	5.0	136	0.5541466705282962	0.07504713339177532
mp_ppo_SuperMarioBros-1-1-v0_0	201	237.60712541852678	70.77706054299757	312.45023	100.049934	252.64285714285714	9.4286884765625	3.336744120864679	13.605136	-7.054638	808000	2.145767119543507e-09	2.869156837463379	-0.005026873201131821	-0.687645673751831	0.3112490773200989	0.015178327448666096	0.1107499971985817	12.0	137	0.5541491767548103	0.07507872184979451
mp_ppo_SuperMarioBros-1-1-v0_0	202	276.70913973721593	74.29002259648576	312.50018	56.100025	293.1818181818182	9.159912109375	3.2288204115435097	12.891553	-6.7109733	812000	9.417534307942788e-09	1.9108362197875977	-0.011039345525205135	-0.4267779588699341	0.31093695759773254	0.01610013097524643	0.09775000065565109	13.0	138	0.554147127496405	0.07513490470358726
mp_ppo_SuperMarioBros-1-1-v0_0	203	304.60014204545456	23.013145097989895	312.65018	231.84969	325.27272727272725	9.0447294921875	3.3815728819958917	13.665795	-6.4008837	816000	-7.629394893626795e-09	1.5232288837432861	-0.0034726401790976524	-0.3275374174118042	0.33623912930488586	0.015113488771021366	0.09549999982118607	14.0	138	0.5541457814997686	0.07519889907864433
mp_ppo_SuperMarioBros-1-1-v0_0	204	291.5819202769886	45.34453413111863	312.40012	166.89983	299.0	9.6310009765625	2.8887142333354814	13.247264	-4.755195	820000	-1.120567283408036e-08	1.5838018655776978	-0.022890951484441757	-0.6822336912155151	0.30970507860183716	0.015117733739316463	0.10724999755620956	60.0	139	0.5541490931894294	0.07525512098453585
mp_ppo_SuperMarioBros-1-1-v0_0	205	285.990966796875	42.81325895146799	312.20013	189.7998	310.0	9.3119921875	3.0867708526670716	12.732845	-5.7932363	824000	-5.006790093631253e-09	1.9950668811798096	-0.01096182782202959	-0.45899438858032227	0.31515201926231384	0.015766691416502	0.13474999368190765	18.0	140	0.5541495993069803	0.07529995415539362
mp_ppo_SuperMarioBros-1-1-v0_0	206	262.16253662109375	75.03142136937254	312.4501	99.94992	287.9166666666667	9.056302734375	3.2160170436426485	13.032467	-7.862631	828000	-3.814697446813398e-09	2.6497108936309814	-0.002370077185332775	-0.5328588485717773	0.33099862933158875	0.01572028174996376	0.08824999630451202	5.0	140	0.5541463739307113	0.0753667018011045
mp_ppo_SuperMarioBros-1-1-v0_0	207	301.3293050130208	35.18274927225226	312.7002	184.64981	303.25	9.573115234375	2.891760418899273	13.008578	-0.3213469	832000	-7.1525572131747595e-09	1.272625207901001	-0.025536300614476204	-0.5553430914878845	0.2958134710788727	0.015089889988303185	0.10074999928474426	74.0	141	0.5541511863323482	0.07541859184475766
mp_ppo_SuperMarioBros-1-1-v0_0	208	280.78338623046875	62.0746568321834	312.50018	100.24993	305.0833333333333	9.2479189453125	3.2285977993550077	12.982145	-2.877537	836000	-1.907348723406699e-09	1.611241102218628	-0.013154380023479462	-0.6200255751609802	0.3576531708240509	0.015606241300702095	0.11949999630451202	28.0	142	0.5541498598960855	0.0754766913630976
mp_ppo_SuperMarioBros-1-1-v0_0	209	298.9750732421875	26.433315456363488	312.55017	232.94977	319.6	9.4107666015625	2.868156597123839	12.639254	-5.797569	840000	-5.364418242947977e-09	2.2934226989746094	0.01105846930295229	-0.8786965608596802	0.3024432063102722	0.018661778420209885	0.11625000089406967	9.0	143	0.5541486128134694	0.07553576418767324
mp_ppo_SuperMarioBros-1-1-v0_0	210	297.54595947265625	47.47340778388027	312.6002	140.09987	303.0	9.400068359375	2.9990073227444776	12.687245	-0.13485368	844000	-2.3841859042583735e-10	1.531591534614563	-0.01104435883462429	-0.5225176811218262	0.2812492847442627	0.015448180958628654	0.10199999809265137	33.0	143	0.5541510754694926	0.07559032172713263
mp_ppo_SuperMarioBros-1-1-v0_0	211	270.0584309895833	85.46388811582936	312.3501	19.700005	273.75	9.65769921875	2.7830033097132674	12.769747	-4.5127044	848000	5.7220459481754915e-09	2.0463669300079346	-0.021049225702881813	-0.7635453939437866	0.28093355894088745	0.015351158566772938	0.1107499971985817	38.0	144	0.5541551079734433	0.07562896090159726
mp_ppo_SuperMarioBros-1-1-v0_0	212	293.170068359375	40.60750103890906	312.60016	181.29982	320.8	9.111669921875	3.341631922616553	13.03723	-1.9812999	852000	8.344650304081824e-09	2.2938551902770996	-0.009331232868134975	-0.44239234924316406	0.3160015642642975	0.015060809440910816	0.12025000154972076	11.0	145	0.5541541807369877	0.0756676216159142
mp_ppo_SuperMarioBros-1-1-v0_0	213	259.42919921875	76.67780433139262	312.60022	100.54993	262.1666666666667	9.6637978515625	2.909178631933763	12.997402	-7.5438333	856000	3.4570692974966732e-09	1.9051729440689087	-0.005330684594810009	-0.5448226928710938	0.2726190686225891	0.0157100111246109	0.08675000071525574	15.0	145	0.5541576930009964	0.07571299292983777
mp_ppo_SuperMarioBros-1-1-v0_0	214	271.04099343039775	66.57136357972274	312.85013	154.94984	282.72727272727275	9.34355078125	3.193791279087442	13.248627	-5.0233736	860000	7.629394893626795e-09	2.16603946685791	-0.0012327436124905944	-0.35431647300720215	0.29788026213645935	0.016833310946822166	0.07850000262260437	5.0	146	0.5541580986458959	0.07575608396661633
mp_ppo_SuperMarioBros-1-1-v0_0	215	285.7818492542614	48.48034212382563	312.70016	155.14984	300.8181818181818	9.38653125	3.1945936691444032	12.662266	-7.8910837	864000	1.6689301052252858e-09	1.9306640625	-0.01195114478468895	-0.36067330837249756	0.2970970869064331	0.01563268154859543	0.09375	13.0	147	0.5541563310425038	0.07581864265633907
mp_ppo_SuperMarioBros-1-1-v0_0	216	278.9363458806818	54.292325471595305	312.55023	182.29982	348.72727272727275	7.505376953125	5.0531284786629955	12.903455	-5.168797	868000	7.3909758313561724e-09	1.5252423286437988	0.006884301081299782	-0.31500542163848877	0.3443419933319092	0.016309181228280067	0.1497499942779541	1.0	147	0.5541415672812863	0.07587700707427708
mp_ppo_SuperMarioBros-1-1-v0_0	217	297.7228338068182	45.32363499549154	312.7002	154.39984	302.1818181818182	9.6629814453125	2.795656333660756	13.146792	0.10290921	872000	-2.145767119543507e-09	1.740973949432373	-0.004288008436560631	-0.34203994274139404	0.23838172852993011	0.016463954001665115	0.10100000351667404	7.0	148	0.5541422306574701	0.07593087712990537
mp_ppo_SuperMarioBros-1-1-v0_0	218	305.57098388671875	22.306211181903276	313.20023	231.59969	313.8333333333333	9.5738125	3.1407101978493657	12.964371	-5.862728	876000	4.291534239087014e-09	1.491096019744873	-0.0025255708023905754	-0.3437471389770508	0.27602314949035645	0.015018283389508724	0.1014999970793724	8.0	148	0.5541447414941043	0.0759782695792978
mp_ppo_SuperMarioBros-1-1-v0_0	219	275.62284712357956	80.2938804910946	312.65024	58.600014	286.6363636363636	9.6318203125	2.7482615243549877	12.557534	-3.6447191	880000	-3.6954879156780862e-09	1.4915095567703247	-0.010761239565908909	-0.23900353908538818	0.2604108452796936	0.015173382125794888	0.07774999737739563	5.0	149	0.5541459563506936	0.07602397210594941
mp_ppo_SuperMarioBros-1-1-v0_0	220	261.31539212740387	64.55980987023405	312.8002	165.74982	257.46153846153845	9.754330078125	2.930951810525891	13.208416	-2.638008	884000	-1.0013580187262505e-08	2.081075668334961	-0.0006089165108278394	-0.5111016035079956	0.26800259947776794	0.015984417870640755	0.10350000113248825	12.0	149	0.554151979428936	0.0760549763415608
mp_ppo_SuperMarioBros-1-1-v0_0	221	285.2455388849432	56.16862485065516	312.7003	166.09984	298.90909090909093	9.6453359375	2.6291225997528627	13.176172	0.87775344	888000	6.1988831845383174e-09	2.1808271408081055	-0.0034368918277323246	-0.5616451501846313	0.25337734818458557	0.027988532558083534	0.11774999648332596	3.0	150	0.5541541527918188	0.07608751845071265
mp_ppo_SuperMarioBros-1-1-v0_0	222	300.8850341796875	33.680217209068	312.85013	199.84888	383.1	7.0536923828125	5.631307574622434	13.29298	-3.3860333	892000	1.1265277599648016e-08	2.7329485416412354	0.010928288102149963	-1.5438240766525269	0.32555511593818665	0.022870097309350967	0.054749999195337296	1.0	150	0.5541386568700664	0.07615162057603762
mp_ppo_SuperMarioBros-1-1-v0_0	223	268.38855919471155	65.5876473367743	312.65024	154.89984	275.84615384615387	10.04301171875	2.8586838303994897	13.490619	-1.4629793	896000	-7.629394893626795e-09	2.739013910293579	0.005906180012971163	-0.7159979343414307	0.2677594721317291	0.01593160629272461	0.09849999845027924	7.0	151	0.5541440994161304	0.07618063481675633
mp_ppo_SuperMarioBros-1-1-v0_0	224	311.4051025390625	1.220813041926323	312.6002	308.49997	337.0	9.58803515625	2.773457658377445	13.5204	2.101725	900000	-6.079673653403006e-09	3.1306347846984863	-0.00719761848449707	-1.0235154628753662	0.2801608741283417	0.017670948058366776	0.0925000011920929	5.0	151	0.5541403542485661	0.07624172894995518
mp_ppo_SuperMarioBros-1-1-v0_0	225	267.67919921875	62.77498361376396	312.50015	166.04984	273.5833333333333	9.92372265625	2.8533871730585387	14.568457	0.74958265	904000	-1.2397766369076635e-08	3.129410982131958	-0.010269884951412678	-1.0319299697875977	0.26664435863494873	0.020673302933573723	0.10975000262260437	6.0	152	0.5541423773765672	0.07627462503459484
mp_ppo_SuperMarioBros-1-1-v0_0	226	298.73341878255206	29.816251783929992	312.95016	231.99976	311.5833333333333	9.633517578125	3.190149940147798	13.572792	-2.231876	908000	-1.1920929132713809e-08	1.7905361652374268	-0.003735190723091364	-0.456018328666687	0.27483388781547546	0.015263162553310394	0.10125000029802322	19.0	152	0.5541427471882976	0.07631738565653318
mp_ppo_SuperMarioBros-1-1-v0_0	227	312.06264241536456	0.5668345268182361	313.05017	310.80017	311.8333333333333	9.585962890625	2.8595069129408044	12.709227	-0.7576519	912000	6.675720420901143e-09	1.2124314308166504	-0.010889885947108269	-0.5823858976364136	0.25551140308380127	0.015172957442700863	0.09875000268220901	32.0	153	0.5541472780863029	0.07635571474536491
mp_ppo_SuperMarioBros-1-1-v0_0	228	226.36334635416668	105.21420115649788	312.55017	19.700005	244.06666666666666	9.348470703125	3.2652583526231123	13.299817	-3.1941566	916000	2.8610229740877458e-09	3.197323799133301	-0.009105259552598	-0.44133734703063965	0.2873307168483734	0.016936061903834343	0.09149999916553497	8.0	154	0.5541475945667049	0.07638697468885598
mp_ppo_SuperMarioBros-1-1-v0_0	229	246.60002790178572	88.89960039782439	312.50018	55.20003	261.2857142857143	8.987275390625	3.2005330976846653	12.1521015	-6.775372	920000	-8.106232129989621e-09	2.546630382537842	-0.00513308122754097	-0.46011853218078613	0.2948967218399048	0.01884336955845356	0.1287499964237213	9.0	154	0.5541503101214643	0.07641160401946161
mp_ppo_SuperMarioBros-1-1-v0_0	230	311.80020419034093	0.7283423913009276	312.60025	310.25015	313.8181818181818	8.99216015625	3.6211477375964654	13.436462	-4.3126764	924000	6.675720420901143e-09	1.7142651081085205	0.016063984483480453	-0.39469945430755615	0.31826573610305786	0.01772930659353733	0.10350000113248825	4.0	155	0.5541510816490903	0.07645668217820555
mp_ppo_SuperMarioBros-1-1-v0_0	231	259.09588623046875	81.3929991614758	312.7502	56.300014	272.0833333333333	9.41616796875	2.9391263782266153	13.323224	-4.82952	928000	1.1920929132713809e-08	1.7582298517227173	-0.004901184234768152	-0.19278228282928467	0.2744046747684479	0.01588798128068447	0.09375	9.0	156	0.5541546977243317	0.07648201088802727
mp_ppo_SuperMarioBros-1-1-v0_0	232	269.9714878627232	74.68278153057007	312.6001	58.300014	272.85714285714283	9.565904296875	2.892076324848637	12.899132	-9.103451	932000	-7.867813067718998e-09	1.7651524543762207	-0.005449899937957525	-0.22111213207244873	0.2833121120929718	0.015021495521068573	0.10100000351667404	9.0	156	0.554159617547683	0.07651420160452682
mp_ppo_SuperMarioBros-1-1-v0_0	233	296.9709879557292	50.200006873547004	313.0002	130.49988	298.5	9.7699765625	2.682046246863111	12.622993	-5.645197	936000	5.006790093631253e-09	1.5393040180206299	0.0007122030365280807	-0.3781759738922119	0.2366330772638321	0.015281518921256065	0.09000000357627869	7.0	157	0.5541645806282294	0.07654232870131258
mp_ppo_SuperMarioBros-1-1-v0_0	234	281.03759765625	69.4864275004179	312.55023	100.24993	285.25	9.6922734375	2.887102752706855	12.901138	-3.0613444	940000	3.0994415922691587e-09	1.5938997268676758	-0.001970417331904173	-0.25211644172668457	0.2544141113758087	0.015666676685214043	0.0949999988079071	10.0	157	0.5541679538569189	0.07657644299276353
mp_ppo_SuperMarioBros-1-1-v0_0	235	285.17506917317706	50.46863873826745	312.50018	165.94984	291.25	9.699341796875	2.7613945398453117	13.203535	-5.1138816	944000	1.19209286886246e-09	1.5847828388214111	-0.01102922298014164	-0.3691082000732422	0.2201244831085205	0.015583343803882599	0.0949999988079071	22.0	158	0.554171125074861	0.07660689935464192
mp_ppo_SuperMarioBros-1-1-v0_0	236	286.74101118607956	53.35985520714306	312.50015	166.44983	301.3636363636364	9.6193603515625	2.894615826193521	12.512838	0.30973515	948000	3.218650901359865e-09	2.0273966789245605	-0.014017234556376934	-0.5218651294708252	0.21718750894069672	0.02555338479578495	0.08924999833106995	5.0	158	0.5541731315259472	0.07663868458567855
mp_ppo_SuperMarioBros-1-1-v0_0	237	311.9751790364583	0.619352607258104	312.8002	310.80002	311.6666666666667	9.6711171875	3.0406046055328373	12.745415	-0.46118012	952000	5.7220459481754915e-09	0.9765022397041321	0.009012134745717049	-0.08237600326538086	0.2154906988143921	0.017778165638446808	0.09475000202655792	7.0	159	0.5541770084307763	0.07667424812692838
mp_ppo_SuperMarioBros-1-1-v0_0	238	298.48193359375	41.794720367149026	312.50018	166.34985	322.45454545454544	9.405744140625	3.487816125905292	13.480984	-7.93397	956000	-8.583068478174027e-09	1.339163064956665	-0.011953041888773441	-0.27493202686309814	0.23104418814182281	0.015049409121274948	0.07575000077486038	19.0	160	0.554175427299842	0.0767170648381059
mp_ppo_SuperMarioBros-1-1-v0_0	239	312.33351643880206	0.5039027802892495	313.0002	311.5001	308.1666666666667	9.801015625	2.781579509974953	12.916727	0.88654757	960000	5.841255035221593e-09	0.9681536555290222	-0.018897714093327522	-0.43993592262268066	0.1861451417207718	0.00723618408665061	0.07850000262260437	79.0	161	0.5541808030681943	0.07674870402235293
mp_ppo_SuperMarioBros-1-1-v0_0	240	312.0364879261364	1.0241576817035594	312.80017	308.89978	323.27272727272725	9.8763076171875	2.661097231700206	12.7894945	1.2489209	964000	2.8908253568715736e-09	2.6554880142211914	-0.013127055950462818	-1.5444830656051636	0.17929230630397797	0.03705541044473648	0.09574999660253525	4.0	161	0.5541829291016244	0.07678335692159051
mp_ppo_SuperMarioBros-1-1-v0_0	241	312.3710123697917	0.46121373493186985	313.0002	311.60004	300.4166666666667	10.184955078125	2.5200885284859043	13.046931	0.2534571	968000	1.6689301052252858e-09	0.9551990032196045	-0.0012160028563812375	-0.23192429542541504	0.17786167562007904	0.015338394790887833	0.06949999928474426	8.0	162	0.5541904773992825	0.07681219882808255
mp_ppo_SuperMarioBros-1-1-v0_0	242	301.6292724609375	33.75507051031371	312.60022	189.6998	310.0	9.857623046875	2.835258269210232	12.892703	-6.7883344	972000	-5.2452087118126656e-09	1.4305862188339233	-0.02084154263138771	-0.41143977642059326	0.18656690418720245	0.0327741913497448	0.09799999743700027	3.0	162	0.5541925222047352	0.07683954400253606
mp_ppo_SuperMarioBros-1-1-v0_0	243	305.78346761067706	21.947464609824053	312.90024	232.99973	301.5833333333333	9.729568359375	2.757699006163245	12.671178	-8.740416	976000	1.0132789718397817e-08	1.2460912466049194	0.008165858685970306	-0.32929980754852295	0.20771951973438263	0.018646590411663055	0.0885000005364418	7.0	163	0.5541985721163312	0.07686773362444137
mp_ppo_SuperMarioBros-1-1-v0_0	244	298.92095947265625	43.350809026235794	312.70016	155.14984	298.75	10.07738671875	2.616306474844356	13.150891	2.1637747	980000	1.907348723406699e-09	1.3355625867843628	-0.00037878419971093535	-0.20270264148712158	0.18925708532333374	0.016067326068878174	0.09274999797344208	9.0	164	0.5542021784770698	0.07689804811184181
mp_ppo_SuperMarioBros-1-1-v0_0	245	289.03857421875	54.79965696832558	312.9002	155.14984	284.0769230769231	9.764083984375	2.747137626097162	12.4127	-5.3491545	984000	-8.583068478174027e-09	1.1988381147384644	-0.019140120595693588	-0.3767196536064148	0.1948559284210205	0.015107033774256706	0.08174999803304672	58.0	164	0.5542073176951335	0.07692651124107268
mp_ppo_SuperMarioBros-1-1-v0_0	246	312.3126627604167	0.38683533115410706	312.9002	311.60013	294.5833333333333	10.201330078125	2.3038154070340577	12.757584	1.6300727	988000	6.9141385949933465e-09	0.5618642568588257	-0.017563022673130035	-0.2960868179798126	0.16977755725383759	0.007931801490485668	0.06750000268220901	79.0	166	0.5542170744221044	0.07694331116083392
mp_ppo_SuperMarioBros-1-1-v0_0	247	292.838623046875	45.58788005262262	312.85025	182.54982	277.53846153846155	10.3850419921875	2.1869485912167663	13.240619	2.3674557	992000	-4.76837147544984e-09	0.8271063566207886	-0.018892822787165642	-0.3374645411968231	0.16274133324623108	0.015093826688826084	0.07975000143051147	47.0	166	0.5542269687764212	0.07695690558276551
mp_ppo_SuperMarioBros-1-1-v0_0	248	312.3752034505208	0.3682880546967276	312.9002	311.55014	293.75	10.42459375	2.164187270771351	12.853028	2.1969593	996000	3.3378602104505717e-09	0.2584899663925171	-0.016549797728657722	-0.12376004457473755	0.15313327312469482	0.012609806843101978	0.07524999976158142	79.0	168	0.5542373535822507	0.07697063363671751
mp_ppo_SuperMarioBros-1-1-v0_0	249	312.2092950994318	0.4425132171898319	312.8002	311.30023	298.8181818181818	10.2072041015625	2.282758597926257	12.599237	1.7926114	1000000	-3.4570692974966732e-09	1.7360259294509888	-0.01394991297274828	-0.8256841897964478	0.16939960420131683	0.02432260289788246	0.08699999749660492	6.0	168	0.5542422275365312	0.07700277709474063
